778	411
842	411
44	411
245	411
907	411
790	411
977	411
277	411
181	411
777	411
110	411
444	411
379	410
844	411
127	411
781	411
998	411
457	411
217	411
594	411
749	411
525	411
7	411
240	411
540	412
753	411
108	411
214	411
397	411
866	411
883	411
596	411
633	411
514	411
468	411
177	411
689	411
637	411
364	411
656	411
848	411
145	411
795	411
69	411
619	411
203	411
813	411
325	411
380	411
151	411
308	411
31	411
991	411
369	411
512	411
2	411
695	411
771	411
606	411
142	411
839	411
455	411
55	411
851	411
614	411
30	411
97	411
390	411
496	411
675	411
826	411
947	411
615	411
14	411
856	411
161	411
946	411
819	411
104	411
794	411
949	411
185	411
904	411
928	411
355	411
301	411
372	411
751	411
40	411
532	411
668	411
295	411
346	411
954	411
367	411
492	411
349	411
227	413
441	411
450	411