    7  125    3
  95.940  14.001  28.085  58.690  16.000 127.600   1.000
  125    1  0.0200  0.0000  0.0000
  0.000205   0.000277   0.000043
 -0.000785   0.000206   0.000161
  0.000849   0.000415   0.000144
 -0.000135   0.001675  -0.000199
  0.000861  -0.000413   0.000145
 -0.000789  -0.000195   0.000159
  0.000209  -0.000278   0.000035
 -0.000127  -0.001668  -0.000212
 -0.000183   0.000133   0.000054
  0.000066  -0.000003  -0.000015
 -0.000184  -0.000142   0.000055
  0.002725  -0.000004   0.000017
  0.000007   0.000068   0.000271
 -0.000031   0.000011   0.000147
  0.000009  -0.000046   0.000268
 -0.000104   0.000007  -0.000031
 -0.000120  -0.000156  -0.000439
  0.000019   0.000009  -0.000926
 -0.000124   0.000174  -0.000440
  0.005858   0.000002  -0.008375
 -0.000566   0.000028   0.000007
 -0.001517  -0.001376  -0.002102
  0.000981   0.000607  -0.000301
 -0.001978   0.001815   0.002406
  0.000012   0.000056  -0.000071
  0.000004   0.000019  -0.000067
  0.000002  -0.000003  -0.000052
  0.000014  -0.000012  -0.000041
  0.000031   0.000004   0.000081
  0.000073  -0.000083   0.000241
 -0.000198   0.000109   0.000148
  0.000093  -0.000007   0.000102
 -0.000071   0.000298  -0.000524
 -0.000101   0.003434   0.003967
  0.000284  -0.000140   0.000231
 -0.000470  -0.000068   0.000480
  0.000964  -0.000595  -0.000303
 -0.001550   0.001377  -0.002114
 -0.000569  -0.000034  -0.000005
 -0.002019  -0.001828   0.002426
  0.000016   0.000005  -0.000029
  0.000040  -0.000003  -0.000072
  0.000021  -0.000040  -0.000064
  0.000028   0.000019  -0.000094
  0.000017  -0.000015   0.000083
  0.000075  -0.000006   0.000107
 -0.000214  -0.000117   0.000152
  0.000058   0.000082   0.000240
 -0.000088  -0.000305  -0.000519
 -0.000498   0.000058   0.000482
  0.000259   0.000129   0.000219
 -0.000107  -0.003448   0.003955
  0.000041  -0.000681  -0.000019
 -0.001123   0.000003   0.000031
  0.000040   0.000673  -0.000009
  0.061276   0.000070   0.001290
  0.000040  -0.000001  -0.000043
 -0.000005  -0.000014  -0.000037
  0.000042  -0.000012  -0.000089
  0.000021  -0.000013  -0.000071
  0.000223   0.000302   0.000117
  0.002016   0.000009   0.002362
  0.000220  -0.000304   0.000116
  0.000650  -0.000050  -0.036956
  0.000008  -0.000004  -0.000064
  0.000010  -0.000019  -0.000030
  0.000001  -0.000005  -0.000056
  0.000031  -0.000012   0.000099
  0.000687  -0.001812   0.000134
  0.000006   0.000336   0.018364
 -0.001396   0.001987  -0.001245
  0.002288   0.000353  -0.000359
  0.000016  -0.000001   0.000017
  0.000013   0.000019  -0.000012
  0.000026  -0.000011   0.000037
  0.000024   0.000003   0.000106
  0.000680   0.001803   0.000132
  0.002307  -0.000355  -0.000360
 -0.001390  -0.001974  -0.001238
  0.000002  -0.000383   0.018422
  0.000005   0.000021   0.000017
  0.000007   0.000000   0.000097
  0.000018   0.000019   0.000048
  0.000000  -0.000010  -0.000007
  0.000009  -0.000011  -0.000036
  0.000032   0.000016  -0.000078
  0.000008  -0.000002  -0.000073
 -0.000019   0.000010   0.000066
 -0.000028   0.000044  -0.000313
  0.000006  -0.000069  -0.000173
  0.000054   0.000024  -0.000080
  0.000028   0.000015  -0.000081
  0.000063  -0.000007   0.000023
  0.000017  -0.000005   0.000030
  0.000001   0.000014  -0.000011
 -0.000015   0.000005   0.000022
  0.000042   0.000072   0.000024
  0.000004  -0.000137   0.000122
 -0.000071  -0.000099   0.000079
 -0.000038   0.000003  -0.000006
  0.000156   0.000067   0.000106
  0.000065  -0.000020   0.000059
 -0.000066  -0.000085  -0.000007
  0.000122  -0.000020   0.000085
 -0.000012   0.000073   0.000073
  0.000037   0.000074   0.000022
 -0.000049   0.000127   0.000066
  0.000015  -0.000061   0.000077
 -0.000104   0.000265   0.000073
 -0.000050   0.000467   0.000089
 -0.000025   0.000116  -0.000009
 -0.000131   0.000118  -0.000060
 -0.000293  -0.000464   0.000098
 -0.000110  -0.000146  -0.000049
 -0.000084  -0.000176   0.000057
 -0.000113  -0.000091   0.000054
  0.000078   0.000032  -0.000066
  0.000085  -0.000059  -0.000016
  0.000420  -0.000053   0.000094
  0.000485  -0.000043   0.000110
  0.000027   0.000071   0.000060
  0.000059   0.000005   0.000116
 -0.000036  -0.000011   0.000024
 -0.000015  -0.000053   0.000047
 -0.068593   0.000026  -0.001246
  125    2  0.0000  0.0200  0.0000
 -0.000288   0.000228  -0.000034
 -0.001388   0.000700   0.000159
 -0.001064  -0.000810  -0.000272
  0.000148   0.000103  -0.000040
  0.001151  -0.000946   0.000122
  0.001251   0.000702  -0.000257
  0.000319   0.000226  -0.000037
 -0.000161   0.000093  -0.000012
  0.000151  -0.000021  -0.000002
  0.000035  -0.000291  -0.000046
 -0.000156  -0.000023  -0.000084
  0.000059   0.002678  -0.000060
  0.000031   0.000065   0.000266
  0.000003  -0.000305   0.000274
 -0.000004   0.000041   0.000261
  0.000011   0.000120   0.000265
 -0.000275  -0.000360  -0.000895
  0.000039   0.000310  -0.000269
  0.000295  -0.000363   0.000274
  0.000057  -0.002078  -0.000475
  0.000012  -0.000561   0.000004
 -0.001892  -0.000065  -0.001344
 -0.000100  -0.002614   0.002485
  0.001125   0.000239  -0.001015
 -0.000047   0.000036  -0.000076
  0.000032   0.000003  -0.000047
  0.000047   0.000022  -0.000076
 -0.000005   0.000012  -0.000095
 -0.000062   0.000077   0.000151
 -0.000106  -0.000079   0.000421
  0.000093  -0.000095   0.000241
  0.000056   0.000004   0.000145
  0.000172  -0.000381   0.000257
  0.003365   0.003853   0.006871
 -0.000154   0.000123   0.000334
  0.000110   0.000042  -0.000373
  0.000049  -0.002583  -0.002445
  0.002075  -0.000232   0.001617
  0.000064  -0.000547   0.000005
 -0.000989   0.000344   0.000847
  0.000005   0.000018  -0.000070
 -0.000011  -0.000028  -0.000092
  0.000051   0.000002  -0.000077
  0.000026  -0.000002  -0.000103
  0.000069   0.000077   0.000369
 -0.000010   0.000007   0.000345
 -0.000130  -0.000102   0.000272
  0.000111  -0.000030   0.000090
 -0.000136  -0.000321  -0.000799
 -0.000014   0.000028  -0.000268
  0.000116   0.000056  -0.000992
 -0.003460   0.003838  -0.007266
 -0.000667  -0.000694  -0.000003
  0.000080   0.000420   0.000024
  0.000662  -0.000771   0.000035
 -0.000734   0.061666   0.001266
 -0.000025   0.000063  -0.000069
  0.000014  -0.000013  -0.000106
  0.000012   0.000031  -0.000090
 -0.000025   0.000054  -0.000067
  0.001549   0.001887   0.000281
 -0.000063  -0.002513  -0.000031
 -0.001555   0.001909  -0.000277
  0.000085  -0.000283   0.000001
  0.000018   0.000010  -0.000033
  0.000020   0.000019  -0.000003
 -0.000003   0.000009   0.000042
  0.000009  -0.000000   0.000006
 -0.000590   0.001498  -0.000284
  0.000434   0.000381   0.031947
  0.002025   0.000835  -0.002079
 -0.000962  -0.000160   0.000039
  0.000009   0.000021   0.000082
 -0.000002   0.000020  -0.000034
 -0.000026   0.000009   0.000047
  0.000013   0.000005   0.000049
  0.000540   0.001366   0.000246
  0.000827  -0.000164   0.000015
 -0.001922   0.000957   0.002127
 -0.000326   0.000325  -0.032001
  0.000009   0.000017  -0.000091
  0.000010  -0.000016  -0.000030
  0.000019  -0.000021  -0.000026
 -0.000022   0.000025   0.000051
 -0.000019   0.000027  -0.000105
 -0.000025  -0.000046  -0.000013
  0.000028   0.000000   0.000040
  0.000016   0.000005   0.000049
 -0.000054   0.000063   0.000093
  0.000039  -0.000031  -0.000144
  0.000088   0.000072  -0.000248
 -0.000015   0.000000  -0.000067
  0.000013   0.000044   0.000046
  0.000002  -0.000016   0.000032
 -0.000009  -0.000008   0.000010
 -0.000014   0.000007   0.000053
  0.000002   0.000013   0.000093
 -0.000168  -0.000128   0.000181
 -0.000075  -0.000159   0.000169
 -0.000087  -0.000158   0.000187
  0.000133  -0.000020   0.000151
  0.000241  -0.000021   0.000233
 -0.000009   0.000043   0.000102
  0.000227  -0.000003   0.000161
 -0.000151   0.000218   0.000184
 -0.000061   0.000204   0.000228
 -0.000055   0.000132   0.000157
  0.000021  -0.000009   0.000082
 -0.000235   0.000316   0.000054
  0.000013   0.000054  -0.000106
 -0.000070   0.000096  -0.000011
 -0.000253   0.000469   0.000054
 -0.000088  -0.000248  -0.000032
 -0.000230  -0.000209  -0.000013
 -0.000182  -0.000323   0.000051
 -0.000048  -0.000101  -0.000047
  0.000155   0.000010   0.000014
  0.000339  -0.000090  -0.000014
  0.000504   0.000048  -0.000007
  0.000135   0.000069  -0.000027
  0.000003   0.000061   0.000002
  0.000056  -0.000004   0.000055
  0.000002  -0.000031   0.000032
 -0.000021   0.000011   0.000014
 -0.000236  -0.068458  -0.001180
  125    3  0.0000  0.0000  0.0200
  0.000005  -0.000004   0.000154
 -0.000399   0.000184   0.000301
  0.000303   0.000190   0.000332
  0.000013  -0.000392   0.000336
  0.000355  -0.000241   0.000320
 -0.000310  -0.000177   0.000350
 -0.000010  -0.000004   0.000153
  0.000038   0.000405   0.000307
 -0.000192  -0.000324   0.000395
  0.000369   0.000004   0.000385
 -0.000181   0.000320   0.000385
 -0.000011   0.000049  -0.000553
  0.000130  -0.000015   0.000225
  0.000034  -0.000012   0.000047
  0.000130  -0.000001   0.000233
  0.000016  -0.000006   0.000044
 -0.000129  -0.000067  -0.000860
 -0.000048  -0.000044  -0.001123
 -0.000188   0.000129  -0.000968
  0.000135  -0.000037  -0.000813
  0.000013   0.000045  -0.000258
 -0.002580  -0.001821  -0.000781
 -0.000271   0.003435  -0.001145
  0.002818  -0.001439  -0.000796
  0.000031   0.000001   0.000162
 -0.000019  -0.000020   0.000060
 -0.000014   0.000024   0.000004
  0.000016  -0.000004   0.000034
 -0.000079  -0.000107   0.000236
 -0.000015  -0.000008   0.000028
 -0.000024  -0.000030   0.000031
 -0.000063  -0.000113   0.000222
 -0.000020   0.000202  -0.000934
 -0.000094  -0.000181  -0.000786
  0.000051   0.000071  -0.001189
  0.000130   0.000090  -0.000887
 -0.000226  -0.003046  -0.000671
 -0.002781   0.001822  -0.001012
  0.000001   0.000045  -0.000255
  0.003071   0.001422  -0.001039
 -0.000001  -0.000016   0.000033
 -0.000024   0.000018   0.000026
 -0.000003  -0.000001   0.000063
  0.000001  -0.000021   0.000143
 -0.000066   0.000120   0.000233
 -0.000058   0.000121   0.000237
 -0.000006   0.000031   0.000035
  0.000004   0.000003   0.000050
  0.000010  -0.000155  -0.000888
  0.000197  -0.000085  -0.000951
  0.000001  -0.000020  -0.001063
 -0.000054   0.000091  -0.000884
  0.000040   0.000043  -0.000251
  0.000034  -0.000029  -0.000238
 -0.000065   0.000083  -0.000237
  0.001137   0.000788   0.744600
 -0.000008   0.000004   0.000031
 -0.000000  -0.000009   0.000028
 -0.000003   0.000030   0.000125
 -0.000016  -0.000000   0.000057
  0.000744   0.000664   0.000569
  0.001647   0.000069   0.001021
  0.000839  -0.000812   0.000613
 -0.007145   0.000087   0.014931
  0.000004   0.000039   0.000027
  0.000038  -0.000004   0.000027
 -0.000003  -0.000041  -0.000012
  0.000003   0.000004   0.000040
  0.000262  -0.001089   0.000599
  0.003520   0.006163   0.014706
 -0.000878  -0.001467   0.001059
 -0.001001  -0.000317   0.000582
  0.000034  -0.000010  -0.000005
 -0.000003  -0.000000   0.000039
 -0.000026  -0.000033   0.000045
 -0.000026   0.000019   0.000007
  0.000220   0.001012   0.000579
 -0.001091   0.000321   0.000604
 -0.000763   0.001408   0.000998
  0.003581  -0.006090   0.014851
  0.000028   0.000018   0.000006
 -0.000029  -0.000024   0.000024
 -0.000018   0.000019   0.000021
 -0.000005   0.000008   0.000024
  0.000020  -0.000015  -0.000049
 -0.000012  -0.000010   0.000093
 -0.000025  -0.000004   0.000162
  0.000015  -0.000003   0.000095
 -0.000019  -0.000007   0.000063
  0.000020   0.000032  -0.000200
  0.000023  -0.000006  -0.000324
 -0.000039  -0.000018  -0.000056
 -0.000018   0.000054   0.000019
  0.000005  -0.000036   0.000014
  0.000001  -0.000026   0.000014
 -0.000015  -0.000007   0.000024
  0.000054   0.000092  -0.000025
 -0.000079   0.000194  -0.000023
 -0.000081   0.000042  -0.000054
 -0.000152  -0.000308   0.000014
  0.000027  -0.000114  -0.000083
  0.000291  -0.000019   0.000026
 -0.000108   0.000060  -0.000007
 -0.000094  -0.000089  -0.000032
 -0.000074   0.000316  -0.000036
  0.000003   0.000018   0.000034
  0.000077  -0.000080  -0.000037
  0.000138  -0.000079  -0.000066
 -0.000072   0.000187   0.000052
  0.000185  -0.000398  -0.000203
 -0.000053   0.000077  -0.000015
 -0.000138   0.000459   0.000128
  0.000257   0.000413  -0.000138
 -0.000203  -0.000098   0.000027
 -0.000262  -0.000300   0.000105
 -0.000028  -0.000133  -0.000064
  0.000184  -0.000048   0.000057
  0.000493  -0.000050   0.000015
  0.000140   0.000012  -0.000032
 -0.000436  -0.000019  -0.000072
  0.000009   0.000024   0.000016
  0.000044  -0.000037   0.000010
 -0.000003  -0.000034   0.000047
 -0.000026   0.000025   0.000019
 -0.001107  -0.001359  -0.782696
