778	382
842	381
44	382
245	382
907	381
790	382
977	383
277	382
181	383
777	383
110	383
444	382
379	381
844	382
127	383
781	382
998	382
457	382
217	383
594	383
749	382
525	382
7	382
240	382
540	382
753	383
108	382
214	382
397	381
866	381
883	381
596	382
633	383
514	382
468	382
177	383
689	383
637	383
364	382
656	383
848	382
145	381
795	382
69	382
619	381
203	382
813	382	
325	383
380	382
151	382
308	381
31	383
991	383
369	382
512	383
2	382
695	382
771	381
606	382
142	383
839	382
455	383
55	381
851	382
614	382
30	383
97	382
390	382
496	382
675	381
826	382
947	382
615	382
14	382
856	383
161	381
946	382
819	382
104	382
794	383
949	381
185	382
904	383
928	383
355	383
301	383
372	383
751	383
40	382
532	382
668	382
295	382
346	382
954	381
367	381
492	381
349	383
227	382
441	382
450	381