545	407
486	411
170	407
618	407
862	407
595	410
657	410
466	406
75	409
249	409
847	408
636	406
742	411
570	411
564	411
144	410
403	410
491	410
686	407
942	406
67	411
985	411
162	411
215	411
234	409
986	409
969	406
626	411
482	407
631	411
987	411
23	410
546	410
223	411
141	410
155	407
715	411
557	407
990	407
667	408
179	410
867	409
398	409
553	409
228	410
416	410
808	408
149	409
456	408
959	407
776	408
383	407
960	409
845	411
243	409
822	409
391	408
517	408
359	406
16	406
480	407
940	408
139	408
475	410
444	410
337	406
465	411
900	411
996	410
80	411
73	409
755	410
983	407
252	407
841	406
791	409
973	409
419	409
875	411
594	411
3	407
792	410
621	410
158	410
963	406
133	407
856	410
329	409
765	410
206	409
34	409
476	411
971	411
878	409
441	411
81	409
197	407
528	406
478	408
687	410
