778	406
842	406
44	406
245	406
907	406
790	406
977	406
277	406
181	406
777	406
110	406
444	406
379	404
844	406
127	406
781	407
998	406
457	406
217	406
594	406
749	406
525	406
7	406
240	406
540	406
753	406
108	406
214	406
397	406
866	406
883	406
596	406
633	406
514	406
468	406
177	406
689	406
637	406
364	406
656	406
848	406
145	405
795	406
69	406
619	405
203	406
813	406	
325	406
380	406
151	406
308	405
31	406
991	406
369	406
512	406
2	406
695	406
771	405
606	406
142	406
839	406
455	406
55	406
851	406
614	406
30	406
97	406
390	406
496	406
675	406
826	406
947	406
615	406
14	406
856	406
161	406
946	406
819	406
104	406
794	406
949	406
185	406
904	406
928	406
355	406
301	406
372	406
751	406
40	406
532	406
668	406
295	406
346	406
954	406
367	406
492	406
349	406
227	406
441	406
450	406