# Time(fs) Normalized_Population Fitted_Population
0.000000000000000000e+00 1.000000000000000000e+00 1.000000000000000000e+00
1.000000000000000000e+00 9.893382978723401777e-01 9.920789582988897015e-01
2.000000000000000000e+00 9.869999999999995444e-01 9.842206594994100666e-01
3.000000000000000000e+00 9.719148936170206587e-01 9.764246066124209200e-01
4.000000000000000000e+00 9.615765957446803514e-01 9.686903065854537420e-01
5.000000000000000000e+00 9.550106382978722497e-01 9.610172702715289450e-01
6.000000000000000000e+00 9.511638297872337944e-01 9.534050123982209524e-01
7.000000000000000000e+00 9.334212765957442537e-01 9.458530515369670821e-01
8.000000000000000000e+00 9.063063829787234571e-01 9.383609100726203467e-01
9.000000000000000000e+00 9.068765957446803805e-01 9.309281141732432818e-01
1.000000000000000000e+01 8.922829787234040078e-01 9.235541937601410289e-01
1.100000000000000000e+01 8.730468085106376508e-01 9.162386824781315608e-01
1.200000000000000000e+01 8.708489361702127507e-01 9.089811176660519410e-01
1.300000000000000000e+01 8.503531914893613930e-01 9.017810403274972852e-01
1.400000000000000000e+01 8.483893617021273093e-01 8.946379951017925380e-01
1.500000000000000000e+01 8.435340425531909769e-01 8.875515302351933977e-01
1.600000000000000000e+01 8.270319148936167153e-01 8.805211975523161705e-01
1.700000000000000000e+01 8.182595744680847272e-01 8.735465524277926663e-01
1.800000000000000000e+01 8.204234042553191220e-01 8.666271537581510254e-01
1.900000000000000000e+01 8.211212765957445203e-01 8.597625639339181447e-01
2.000000000000000000e+01 8.133148936170213616e-01 8.529523488119440389e-01
2.100000000000000000e+01 8.002808510638296235e-01 8.461960776879445811e-01
2.200000000000000000e+01 7.998106382978723561e-01 8.394933232692624037e-01
2.300000000000000000e+01 7.932999999999998941e-01 8.328436616478429588e-01
2.400000000000000000e+01 7.938553191489363670e-01 8.262466722734249647e-01
2.500000000000000000e+01 7.873000000000001108e-01 8.197019379269434580e-01
2.600000000000000000e+01 7.776680851063830779e-01 8.132090446941432349e-01
2.700000000000000000e+01 7.702659574468088133e-01 8.067675819394007908e-01
2.800000000000000000e+01 7.675680851063827470e-01 8.003771422797548718e-01
2.900000000000000000e+01 7.498361702127659401e-01 7.940373215591414180e-01
3.000000000000000000e+01 7.428914893617020176e-01 7.877477188228335647e-01
3.100000000000000000e+01 7.250361702127662289e-01 7.815079362920832606e-01
3.200000000000000000e+01 7.179425531914892522e-01 7.753175793389650572e-01
3.300000000000000000e+01 7.102148936170209481e-01 7.691762564614171849e-01
3.400000000000000000e+01 6.941276595744677591e-01 7.630835792584823585e-01
3.500000000000000000e+01 6.943702127659574508e-01 7.570391624057434266e-01
3.600000000000000000e+01 6.752680851063830314e-01 7.510426236309538650e-01
3.700000000000000000e+01 6.754468085106385411e-01 7.450935836898617826e-01
3.800000000000000000e+01 6.690936170212767875e-01 7.391916663422246625e-01
3.900000000000000000e+01 6.582319148936175424e-01 7.333364983280146188e-01
4.000000000000000000e+01 6.515468085106383977e-01 7.275277093438122789e-01
4.100000000000000000e+01 6.459000000000001407e-01 7.217649320193866291e-01
4.200000000000000000e+01 6.421000000000000041e-01 7.160478018944620437e-01
4.300000000000000000e+01 6.364851063829790601e-01 7.103759573956676121e-01
4.400000000000000000e+01 6.346382978723406065e-01 7.047490398136703194e-01
4.500000000000000000e+01 6.223382978723404069e-01 6.991666932804887491e-01
4.600000000000000000e+01 6.166595744680849478e-01 6.936285647469866422e-01
4.700000000000000000e+01 6.162765957446809661e-01 6.881343039605444245e-01
4.800000000000000000e+01 6.075531914893615992e-01 6.826835634429084809e-01
4.900000000000000000e+01 5.987765957446808951e-01 6.772759984682145129e-01
5.000000000000000000e+01 5.946446808510638116e-01 6.719112670411867549e-01
5.100000000000000000e+01 5.965170212765956714e-01 6.665890298755076104e-01
5.200000000000000000e+01 5.910425531914894615e-01 6.613089503723610374e-01
5.300000000000000000e+01 5.912787234042552464e-01 6.560706945991440220e-01
5.400000000000000000e+01 5.851255319148936929e-01 6.508739312683478051e-01
5.500000000000000000e+01 5.814255319148937673e-01 6.457183317166056424e-01
5.600000000000000000e+01 5.867531914893616696e-01 6.406035698839069870e-01
5.700000000000000000e+01 5.830468085106382814e-01 6.355293222929764285e-01
5.800000000000000000e+01 5.845255319148937589e-01 6.304952680288153921e-01
5.900000000000000000e+01 5.939042553191490326e-01 6.255010887184063728e-01
6.000000000000000000e+01 5.826595744680850286e-01 6.205464685105779310e-01
6.100000000000000000e+01 5.708468085106384038e-01 6.156310940560290046e-01
6.200000000000000000e+01 5.748127659574465698e-01 6.107546544875109840e-01
6.300000000000000000e+01 5.667744680851064532e-01 6.059168414001681047e-01
6.400000000000000000e+01 5.598382978723406289e-01 6.011173488320323832e-01
6.500000000000000000e+01 5.505255319148935067e-01 5.963558732446729849e-01
6.600000000000000000e+01 5.505425531914892590e-01 5.916321135039999124e-01
6.700000000000000000e+01 5.339893617021277405e-01 5.869457708612185742e-01
6.800000000000000000e+01 5.279042553191490850e-01 5.822965489339365641e-01
6.900000000000000000e+01 5.160404255319145372e-01 5.776841536874182115e-01
7.000000000000000000e+01 5.123021276595742801e-01 5.731082934159895670e-01
7.100000000000000000e+01 4.943234042553190655e-01 5.685686787245893825e-01
7.200000000000000000e+01 4.907999999999998475e-01 5.640650225104666404e-01
7.300000000000000000e+01 4.879638297872340158e-01 5.595970399450235222e-01
7.400000000000000000e+01 4.878468085106384411e-01 5.551644484558010406e-01
7.500000000000000000e+01 4.827872340425530262e-01 5.507669677086087789e-01
7.600000000000000000e+01 4.833914893617021757e-01 5.464043195897947403e-01
7.700000000000000000e+01 4.744063829787235065e-01 5.420762281886571943e-01
7.800000000000000000e+01 4.554148936170211992e-01 5.377824197799943029e-01
7.900000000000000000e+01 4.578978723404256712e-01 5.335226228067929677e-01
8.000000000000000000e+01 4.569000000000001949e-01 5.292965678630545678e-01
8.100000000000000000e+01 4.503148936170213723e-01 5.251039876767567005e-01
8.200000000000000000e+01 4.417170212765957338e-01 5.209446170929498132e-01
8.300000000000000000e+01 4.358893617021276645e-01 5.168181930569876181e-01
8.400000000000000000e+01 4.362680851063830967e-01 5.127244545978907331e-01
8.500000000000000000e+01 4.324680851063831821e-01 5.086631428118417730e-01
8.600000000000000000e+01 4.356148936170213259e-01 5.046340008458113369e-01
8.700000000000000000e+01 4.237829787234042023e-01 5.006367738813135571e-01
8.800000000000000000e+01 4.238574468085105074e-01 4.966712091182903244e-01
8.900000000000000000e+01 4.274872340425532324e-01 4.927370557591234101e-01
9.000000000000000000e+01 4.284617021276593829e-01 4.888340649927730985e-01
9.100000000000000000e+01 4.259361702127659188e-01 4.849619899790420519e-01
9.200000000000000000e+01 4.256553191489362287e-01 4.811205858329646312e-01
9.300000000000000000e+01 4.174106382978722829e-01 4.773096096093190632e-01
9.400000000000000000e+01 4.143936170212766390e-01 4.735288202872629526e-01
9.500000000000000000e+01 4.118276595744681523e-01 4.697779787550899755e-01
9.600000000000000000e+01 4.063234042553192649e-01 4.660568477951075872e-01
9.700000000000000000e+01 3.913212765957445605e-01 4.623651920686345229e-01
9.800000000000000000e+01 3.936063829787234680e-01 4.587027781011169814e-01
9.900000000000000000e+01 3.935936170212765983e-01 4.550693742673628805e-01
1.000000000000000000e+02 3.949361702127660023e-01 4.514647507768929091e-01
1.010000000000000000e+02 3.944106382978723735e-01 4.478886796594077624e-01
1.020000000000000000e+02 3.840638297872343010e-01 4.443409347503703422e-01
1.030000000000000000e+02 3.743425531914894022e-01 4.408212916767023093e-01
1.040000000000000000e+02 3.734978723404255296e-01 4.373295278425938237e-01
1.050000000000000000e+02 3.725212765957447436e-01 4.338654224154258054e-01
1.060000000000000000e+02 3.599340425531915022e-01 4.304287563118033288e-01
1.070000000000000000e+02 3.579978723404255714e-01 4.270193121837004835e-01
1.080000000000000000e+02 3.519255319148936745e-01 4.236368744047139256e-01
1.090000000000000000e+02 3.516595744680851565e-01 4.202812290564261755e-01
1.100000000000000000e+02 3.551468085106383454e-01 4.169521639148763281e-01
1.110000000000000000e+02 3.543638297872340748e-01 4.136494684371384012e-01
1.120000000000000000e+02 3.513595744680852451e-01 4.103729337480057082e-01
1.130000000000000000e+02 3.513021276595746922e-01 4.071223526267807591e-01
1.140000000000000000e+02 3.523191489361702788e-01 4.038975194941699098e-01
1.150000000000000000e+02 3.513446808510637398e-01 4.006982303992815408e-01
1.160000000000000000e+02 3.549531914893616635e-01 3.975242830067277078e-01
1.170000000000000000e+02 3.549255319148935661e-01 3.943754765838274334e-01
1.180000000000000000e+02 3.572468085106382252e-01 3.912516119879116960e-01
1.190000000000000000e+02 3.416680851063830793e-01 3.881524916537287817e-01
1.200000000000000000e+02 3.417723404255320618e-01 3.850779195809497235e-01
1.210000000000000000e+02 3.404085106382979675e-01 3.820277013217722173e-01
1.220000000000000000e+02 3.425404255319148827e-01 3.790016439686231808e-01
1.230000000000000000e+02 3.382446808510637948e-01 3.759995561419583465e-01
1.240000000000000000e+02 3.370148936170213605e-01 3.730212479781588875e-01
1.250000000000000000e+02 3.366361702127659283e-01 3.700665311175236893e-01
1.260000000000000000e+02 3.276914893617020597e-01 3.671352186923564909e-01
1.270000000000000000e+02 3.255617021276595580e-01 3.642271253151481147e-01
1.280000000000000000e+02 3.250531914893616814e-01 3.613420670668512913e-01
1.290000000000000000e+02 3.228744680851063920e-01 3.584798614852493515e-01
1.300000000000000000e+02 3.228702127659572874e-01 3.556403275534164576e-01
1.310000000000000000e+02 3.171553191489361323e-01 3.528232856882693169e-01
1.320000000000000000e+02 3.127276595744681864e-01 3.500285577292097661e-01
1.330000000000000000e+02 3.122574468085105859e-01 3.472559669268572291e-01
1.340000000000000000e+02 3.193553191489362231e-01 3.445053379318701037e-01
1.350000000000000000e+02 3.230127659574468235e-01 3.417764967838566870e-01
1.360000000000000000e+02 3.249531914893616924e-01 3.390692709003723659e-01
1.370000000000000000e+02 3.306361702127660340e-01 3.363834890660054588e-01
1.380000000000000000e+02 3.309148936170214217e-01 3.337189814215486550e-01
1.390000000000000000e+02 3.334425531914894103e-01 3.310755794532564966e-01
1.400000000000000000e+02 3.406361702127658209e-01 3.284531159821880153e-01
1.410000000000000000e+02 3.462978723404254167e-01 3.258514251536334672e-01
1.420000000000000000e+02 3.437276595744679919e-01 3.232703424266253345e-01
1.430000000000000000e+02 3.475446808510637142e-01 3.207097045635317611e-01
1.440000000000000000e+02 3.466808510638297314e-01 3.181693496197332549e-01
1.450000000000000000e+02 3.466297872340424746e-01 3.156491169333801583e-01
1.460000000000000000e+02 3.516851063829787849e-01 3.131488471152322206e-01
1.470000000000000000e+02 3.531829787234040396e-01 3.106683820385778838e-01
1.480000000000000000e+02 3.510851063829788510e-01 3.082075648292338377e-01
1.490000000000000000e+02 3.474765957446810383e-01 3.057662398556237893e-01
1.500000000000000000e+02 3.381531914893616819e-01 3.033442527189357252e-01
1.510000000000000000e+02 3.284638297872340962e-01 3.009414502433568894e-01
1.520000000000000000e+02 3.278042553191490849e-01 2.985576804663865880e-01
1.530000000000000000e+02 3.277702127659577469e-01 2.961927926292255431e-01
1.540000000000000000e+02 3.201936170212767441e-01 2.938466371672411315e-01
1.550000000000000000e+02 3.110446808510640704e-01 2.915190657005083952e-01
1.560000000000000000e+02 3.112148936170212599e-01 2.892099310244259924e-01
1.570000000000000000e+02 3.135978723404255208e-01 2.869190871004062560e-01
1.580000000000000000e+02 3.135255319148936848e-01 2.846463890466394697e-01
1.590000000000000000e+02 3.192957446808510902e-01 2.823916931289305321e-01
1.600000000000000000e+02 3.158191489361702464e-01 2.801548567516090604e-01
1.610000000000000000e+02 3.049468085106383231e-01 2.779357384485109939e-01
1.620000000000000000e+02 3.035829787234043953e-01 2.757341978740314725e-01
1.630000000000000000e+02 3.012914893617021916e-01 2.735500957942490485e-01
1.640000000000000000e+02 3.002765957446808520e-01 2.713832940781201186e-01
1.650000000000000000e+02 2.999127659574468141e-01 2.692336556887426346e-01
1.660000000000000000e+02 2.998489361702126876e-01 2.671010446746897027e-01
1.670000000000000000e+02 2.898382978723403891e-01 2.649853261614114053e-01
1.680000000000000000e+02 2.862276595744680519e-01 2.628863663427045139e-01
1.690000000000000000e+02 2.817574468085105588e-01 2.608040324722505354e-01
1.700000000000000000e+02 2.810000000000000830e-01 2.587381928552201504e-01
1.710000000000000000e+02 2.657191489361702685e-01 2.566887168399439867e-01
1.720000000000000000e+02 2.681170212765957572e-01 2.546554748096503396e-01
1.730000000000000000e+02 2.677446808510638432e-01 2.526383381742670076e-01
1.740000000000000000e+02 2.685574468085105138e-01 2.506371793622894639e-01
1.750000000000000000e+02 2.684978723404254919e-01 2.486518718127120886e-01
1.760000000000000000e+02 2.662744680851063528e-01 2.466822899670244595e-01
1.770000000000000000e+02 2.654872340425531996e-01 2.447283092612702882e-01
1.780000000000000000e+02 2.662425531914892618e-01 2.427898061181694989e-01
1.790000000000000000e+02 2.631872340425531753e-01 2.408666579393029805e-01
1.800000000000000000e+02 2.622340425531915487e-01 2.389587430973587057e-01
1.810000000000000000e+02 2.613978723404254967e-01 2.370659409284396058e-01
1.820000000000000000e+02 2.562510638297872401e-01 2.351881317244325087e-01
1.830000000000000000e+02 2.566510638297871405e-01 2.333251967254370562e-01
1.840000000000000000e+02 2.526595744680851796e-01 2.314770181122551007e-01
1.850000000000000000e+02 2.532872340425532665e-01 2.296434789989392489e-01
1.860000000000000000e+02 2.551787234042554031e-01 2.278244634254005530e-01
1.870000000000000000e+02 2.474595744680852250e-01 2.260198563500748770e-01
1.880000000000000000e+02 2.476319148936170500e-01 2.242295436426469668e-01
1.890000000000000000e+02 2.460234042553192113e-01 2.224534120768326406e-01
1.900000000000000000e+02 2.512851063829787956e-01 2.206913493232177670e-01
1.910000000000000000e+02 2.535021276595745277e-01 2.189432439421542531e-01
1.920000000000000000e+02 2.485659574468085664e-01 2.172089853767120993e-01
1.930000000000000000e+02 2.528234042553192951e-01 2.154884639456872975e-01
1.940000000000000000e+02 2.486978723404256464e-01 2.137815708366652967e-01
1.950000000000000000e+02 2.519872340425532431e-01 2.120881980991391746e-01
1.960000000000000000e+02 2.426468085106382733e-01 2.104082386376825431e-01
1.970000000000000000e+02 2.428063829787234229e-01 2.087415862051762994e-01
1.980000000000000000e+02 2.421893617021277367e-01 2.070881353960891957e-01
1.990000000000000000e+02 2.427446808510639042e-01 2.054477816398115886e-01
2.000000000000000000e+02 2.400872340425531382e-01 2.038204211940420341e-01
2.010000000000000000e+02 2.411127659574468507e-01 2.022059511382261754e-01
2.020000000000000000e+02 2.365340425531914925e-01 2.006042693670475885e-01
2.030000000000000000e+02 2.363510638297872113e-01 1.990152745839704196e-01
2.040000000000000000e+02 2.393957446808511191e-01 1.974388662948328710e-01
2.050000000000000000e+02 2.372829787234042032e-01 1.958749448014915628e-01
2.060000000000000000e+02 2.365595744680850654e-01 1.943234111955162435e-01
2.070000000000000000e+02 2.330574468085106488e-01 1.927841673519345711e-01
2.080000000000000000e+02 2.370936170212765703e-01 1.912571159230260776e-01
2.090000000000000000e+02 2.362234042553191249e-01 1.897421603321657047e-01
2.100000000000000000e+02 2.358106382978724380e-01 1.882392047677158564e-01
2.110000000000000000e+02 2.334446808510638460e-01 1.867481541769669406e-01
2.120000000000000000e+02 2.332553191489361577e-01 1.852689142601257610e-01
2.130000000000000000e+02 2.297638297872340585e-01 1.838013914643518709e-01
2.140000000000000000e+02 2.201255319148935907e-01 1.823454929778406397e-01
2.150000000000000000e+02 2.159829787234042453e-01 1.809011267239536425e-01
2.160000000000000000e+02 2.157085106382979067e-01 1.794682013553953737e-01
2.170000000000000000e+02 2.108042553191489532e-01 1.780466262484360351e-01
2.180000000000000000e+02 2.075914893617021861e-01 1.766363114971801762e-01
2.190000000000000000e+02 2.044893617021276422e-01 1.752371679078806865e-01
2.200000000000000000e+02 2.055957446808511224e-01 1.738491069932978916e-01
2.210000000000000000e+02 2.057212765957447120e-01 1.724720409671031685e-01
2.220000000000000000e+02 1.992127659574468579e-01 1.711058827383271363e-01
2.230000000000000000e+02 1.999042553191489324e-01 1.697505459058515631e-01
2.240000000000000000e+02 2.032446808510638137e-01 1.684059447529450693e-01
2.250000000000000000e+02 1.961957446808510197e-01 1.670719942418421033e-01
2.260000000000000000e+02 2.004382978723404374e-01 1.657486100083648273e-01
2.270000000000000000e+02 1.975702127659574314e-01 1.644357083565874955e-01
2.280000000000000000e+02 1.995829787234042474e-01 1.631332062535433558e-01
2.290000000000000000e+02 1.962595744680850907e-01 1.618410213239731832e-01
2.300000000000000000e+02 1.963553191489361416e-01 1.605590718451156973e-01
2.310000000000000000e+02 1.933170212765957241e-01 1.592872767415389745e-01
2.320000000000000000e+02 1.928127659574468689e-01 1.580255555800129386e-01
2.330000000000000000e+02 1.923723404255319180e-01 1.567738285644225404e-01
2.340000000000000000e+02 1.887148936170213454e-01 1.555320165307210456e-01
2.350000000000000000e+02 1.888531914893617214e-01 1.543000409419234276e-01
2.360000000000000000e+02 1.874297872340425219e-01 1.530778238831394245e-01
2.370000000000000000e+02 1.867851063829787384e-01 1.518652880566458419e-01
2.380000000000000000e+02 1.873404255319149059e-01 1.506623567769979910e-01
2.390000000000000000e+02 1.841808510638297536e-01 1.494689539661798461e-01
2.400000000000000000e+02 1.868085106382977312e-01 1.482850041487923931e-01
2.410000000000000000e+02 1.886553191489361569e-01 1.471104324472805036e-01
2.420000000000000000e+02 1.855255319148935989e-01 1.459451645771972228e-01
2.430000000000000000e+02 1.829999999999999960e-01 1.447891268425058331e-01
2.440000000000000000e+02 1.858085106382978691e-01 1.436422461309189991e-01
2.450000000000000000e+02 1.807361702127660563e-01 1.425044499092748274e-01
2.460000000000000000e+02 1.810872340425532245e-01 1.413756662189496749e-01
2.470000000000000000e+02 1.789063829787234106e-01 1.402558236713070949e-01
2.480000000000000000e+02 1.788936170212765686e-01 1.391448514431831152e-01
2.490000000000000000e+02 1.780106382978723367e-01 1.380426792724068485e-01
2.500000000000000000e+02 1.742893617021276931e-01 1.369492374533571311e-01
2.510000000000000000e+02 1.729297872340425646e-01 1.358644568325538260e-01
2.520000000000000000e+02 1.722914893617021881e-01 1.347882688042844335e-01
2.530000000000000000e+02 1.714106382978723975e-01 1.337206053062652278e-01
2.540000000000000000e+02 1.658021276595744997e-01 1.326613988153365897e-01
2.550000000000000000e+02 1.626382978723404926e-01 1.316105823431927002e-01
2.560000000000000000e+02 1.540063829787234884e-01 1.305680894321448460e-01
2.570000000000000000e+02 1.528702127659574694e-01 1.295338541509185315e-01
2.580000000000000000e+02 1.521978723404255052e-01 1.285078110904835647e-01
2.590000000000000000e+02 1.510574468085105759e-01 1.274898953599174489e-01
2.600000000000000000e+02 1.465659574468085036e-01 1.264800425823013330e-01
2.610000000000000000e+02 1.470170212765957440e-01 1.254781888906487397e-01
2.620000000000000000e+02 1.455680851063829995e-01 1.244842709238661027e-01
2.630000000000000000e+02 1.485893617021277480e-01 1.234982258227458468e-01
2.640000000000000000e+02 1.474148936170213420e-01 1.225199912259907348e-01
2.650000000000000000e+02 1.472936170212766349e-01 1.215495052662699943e-01
2.660000000000000000e+02 1.469936170212765569e-01 1.205867065663065452e-01
2.670000000000000000e+02 1.458510638297872142e-01 1.196315342349952848e-01
2.680000000000000000e+02 1.486659574468084943e-01 1.186839278635520301e-01
2.690000000000000000e+02 1.478319148936169947e-01 1.177438275216932673e-01
2.700000000000000000e+02 1.412574468085106283e-01 1.168111737538456013e-01
2.710000000000000000e+02 1.406361702127659763e-01 1.158859075753857493e-01
2.720000000000000000e+02 1.402638297872340623e-01 1.149679704689100940e-01
2.730000000000000000e+02 1.381276595744680702e-01 1.140573043805338388e-01
2.740000000000000000e+02 1.371148936170212829e-01 1.131538517162194030e-01
2.750000000000000000e+02 1.366553191489361940e-01 1.122575553381339741e-01
2.760000000000000000e+02 1.338404255319149139e-01 1.113683585610359267e-01
2.770000000000000000e+02 1.329127659574467768e-01 1.104862051486897589e-01
2.780000000000000000e+02 1.315191489361701993e-01 1.096110393103095493e-01
2.790000000000000000e+02 1.299276595744680574e-01 1.087428056970305562e-01
2.800000000000000000e+02 1.265255319148936020e-01 1.078814493984086437e-01
2.810000000000000000e+02 1.264468085106383033e-01 1.070269159389476282e-01
2.820000000000000000e+02 1.286723404255319392e-01 1.061791512746539934e-01
2.830000000000000000e+02 1.267617021276595812e-01 1.053381017896189570e-01
2.840000000000000000e+02 1.295510638297872053e-01 1.045037142926275864e-01
2.850000000000000000e+02 1.283531914893616677e-01 1.036759360137947256e-01
2.860000000000000000e+02 1.272170212765957042e-01 1.028547146012278035e-01
2.870000000000000000e+02 1.264042553191489227e-01 1.020399981177156773e-01
2.880000000000000000e+02 1.280893617021276465e-01 1.012317350374440372e-01
2.890000000000000000e+02 1.227000000000000313e-01 1.004298742427366942e-01
2.900000000000000000e+02 1.222361702127660044e-01 9.963436502082272106e-02
2.910000000000000000e+02 1.245212765957447315e-01 9.884515706062912965e-02
2.920000000000000000e+02 1.292531914893617073e-01 9.806220044959909621e-02
2.930000000000000000e+02 1.294148936170212705e-01 9.728544567053518111e-02
2.940000000000000000e+02 1.285680851063829844e-01 9.651484359846777827e-02
2.950000000000000000e+02 1.286638297872340353e-01 9.575034549754816993e-02
2.960000000000000000e+02 1.302723404255319017e-01 9.499190301796636704e-02
2.970000000000000000e+02 1.325212765957446692e-01 9.423946819289323595e-02
2.980000000000000000e+02 1.326574468085106595e-01 9.349299343544686947e-02
2.990000000000000000e+02 1.347936170212766516e-01 9.275243153568306365e-02
3.000000000000000000e+02 1.365978723404255579e-01 9.201773565760953955e-02
3.010000000000000000e+02 1.363808510638297999e-01 9.128885933622386817e-02
3.020000000000000000e+02 1.361914893617021949e-01 9.056575647457484890e-02
3.030000000000000000e+02 1.342106382978723866e-01 8.984838134084710548e-02
3.040000000000000000e+02 1.370297872340425771e-01 8.913668856546899666e-02
3.050000000000000000e+02 1.350723404255320115e-01 8.843063313824303662e-02
3.060000000000000000e+02 1.384893617021276946e-01 8.773017040549942192e-02
3.070000000000000000e+02 1.357638297872340305e-01 8.703525606727194330e-02
3.080000000000000000e+02 1.320042553191489165e-01 8.634584617449626853e-02
3.090000000000000000e+02 1.336680851063829500e-01 8.566189712623042962e-02
3.100000000000000000e+02 1.319936170212765714e-01 8.498336566689733418e-02
3.110000000000000000e+02 1.272765957446808371e-01 8.431020888354913423e-02
3.120000000000000000e+02 1.270872340425532043e-01 8.364238420315323053e-02
3.130000000000000000e+02 1.266787234042552890e-01 8.297984938989975967e-02
3.140000000000000000e+02 1.223361702127658962e-01 8.232256254253050853e-02
3.150000000000000000e+02 1.198893617021276614e-01 8.167048209168886741e-02
3.160000000000000000e+02 1.170297872340425455e-01 8.102356679729082189e-02
3.170000000000000000e+02 1.164234042553191351e-01 8.038177574591677532e-02
3.180000000000000000e+02 1.165319148936170418e-01 7.974506834822407686e-02
3.190000000000000000e+02 1.123404255319148948e-01 7.911340433637990832e-02
3.200000000000000000e+02 1.099617021276595996e-01 7.848674376151459908e-02
3.210000000000000000e+02 1.093340425531915128e-01 7.786504699119528583e-02
3.220000000000000000e+02 1.104276595744680817e-01 7.724827470691911224e-02
3.230000000000000000e+02 1.105872340425531897e-01 7.663638790162678738e-02
3.240000000000000000e+02 1.086510638297872450e-01 7.602934787723553134e-02
3.250000000000000000e+02 1.083702127659574577e-01 7.542711624219172739e-02
3.260000000000000000e+02 1.076191489361701947e-01 7.482965490904283645e-02
3.270000000000000000e+02 1.069957446808510876e-01 7.423692609202861559e-02
3.280000000000000000e+02 1.051425531914893935e-01 7.364889230469141845e-02
3.290000000000000000e+02 1.047127659574468295e-01 7.306551635750536955e-02
3.300000000000000000e+02 1.023170212765957404e-01 7.248676135552441224e-02
3.310000000000000000e+02 1.019106382978723496e-01 7.191259069604886978e-02
3.320000000000000000e+02 9.826170212765955592e-02 7.134296806631058863e-02
3.330000000000000000e+02 9.584255319148934915e-02 7.077785744117637279e-02
3.340000000000000000e+02 9.488936170212763921e-02 7.021722308086957021e-02
3.350000000000000000e+02 9.727446808510638310e-02 6.966102952870983911e-02
3.360000000000000000e+02 9.778936170212769452e-02 6.910924160887065015e-02
3.370000000000000000e+02 9.637021276595747477e-02 6.856182442415464928e-02
3.380000000000000000e+02 1.018553191489361964e-01 6.801874335378671477e-02
3.390000000000000000e+02 9.949148936170212898e-02 6.747996405122425045e-02
3.400000000000000000e+02 9.481063829787236830e-02 6.694545244198507605e-02
3.410000000000000000e+02 9.858936170212764805e-02 6.641517472149241486e-02
3.420000000000000000e+02 9.759361702127659910e-02 6.588909735293695114e-02
3.430000000000000000e+02 9.369148936170215713e-02 6.536718706515581845e-02
3.440000000000000000e+02 9.233829787234042186e-02 6.484941085052844945e-02
3.450000000000000000e+02 8.740425531914894353e-02 6.433573596288898189e-02
3.460000000000000000e+02 8.367446808510636824e-02 6.382612991545530412e-02
3.470000000000000000e+02 7.992553191489364106e-02 6.332056047877450411e-02
3.480000000000000000e+02 8.162340425531915133e-02 6.281899567868445833e-02
3.490000000000000000e+02 8.129361702127660405e-02 6.232140379429172705e-02
3.500000000000000000e+02 8.053191489361703759e-02 6.182775335596540911e-02
3.510000000000000000e+02 7.973404255319151146e-02 6.133801314334684507e-02
3.520000000000000000e+02 7.849574468085110390e-02 6.085215218337514109e-02
3.530000000000000000e+02 8.035106382978725315e-02 6.037013974832831920e-02
3.540000000000000000e+02 8.287872340425533890e-02 5.989194535387995511e-02
3.550000000000000000e+02 7.818085106382981209e-02 5.941753875717122046e-02
3.560000000000000000e+02 7.731914893617022888e-02 5.894688995489833633e-02
3.570000000000000000e+02 7.667234042553192075e-02 5.847996918141482037e-02
3.580000000000000000e+02 7.831063829787233976e-02 5.801674690684919394e-02
3.590000000000000000e+02 7.837021276595744490e-02 5.755719383523727473e-02
3.600000000000000000e+02 7.572765957446805918e-02 5.710128090266947121e-02
3.610000000000000000e+02 7.553829787234041249e-02 5.664897927545261419e-02
3.620000000000000000e+02 7.849361702127660712e-02 5.620026034828642242e-02
3.630000000000000000e+02 7.608510638297873163e-02 5.575509574245438721e-02
3.640000000000000000e+02 6.777659574468086756e-02 5.531345730402901367e-02
3.650000000000000000e+02 6.521702127659574633e-02 5.487531710209121033e-02
3.660000000000000000e+02 6.455531914893618273e-02 5.444064742696389653e-02
3.670000000000000000e+02 6.085744680851064292e-02 5.400942078845947375e-02
3.680000000000000000e+02 5.732127659574470097e-02 5.358160991414127189e-02
3.690000000000000000e+02 5.361276595744681600e-02 5.315718774759873450e-02
3.700000000000000000e+02 5.482553191489360905e-02 5.273612744673625286e-02
3.710000000000000000e+02 5.470851063829787475e-02 5.231840238207558641e-02
3.720000000000000000e+02 5.564893617021277744e-02 5.190398613507167525e-02
3.730000000000000000e+02 5.160212765957446907e-02 5.149285249644192097e-02
3.740000000000000000e+02 5.194042553191491329e-02 5.108497546450848498e-02
3.750000000000000000e+02 4.857021276595745174e-02 5.068032924355391627e-02
3.760000000000000000e+02 4.662765957446807913e-02 5.027888824218972735e-02
3.770000000000000000e+02 4.589361702127658926e-02 4.988062707173787635e-02
3.780000000000000000e+02 4.464255319148935364e-02 4.948552054462510702e-02
3.790000000000000000e+02 4.778510638297873980e-02 4.909354367278998682e-02
3.800000000000000000e+02 4.518723404255319681e-02 4.870467166610253223e-02
3.810000000000000000e+02 4.105531914893617573e-02 4.831887993079644894e-02
3.820000000000000000e+02 3.949574468085108314e-02 4.793614406791366772e-02
3.830000000000000000e+02 3.905531914893616702e-02 4.755643987176129406e-02
3.840000000000000000e+02 4.000425531914893890e-02 4.717974332838072854e-02
3.850000000000000000e+02 3.902553191489362139e-02 4.680603061402894421e-02
3.860000000000000000e+02 3.824893617021277864e-02 4.643527809367177517e-02
3.870000000000000000e+02 3.785957446808511234e-02 4.606746231948914694e-02
3.880000000000000000e+02 4.000638297872340793e-02 4.570256002939214468e-02
3.890000000000000000e+02 4.242553191489360775e-02 4.534054814555181501e-02
3.900000000000000000e+02 4.263404255319148961e-02 4.498140377293970149e-02
3.910000000000000000e+02 4.076595744680851230e-02 4.462510419787976690e-02
3.920000000000000000e+02 4.341914893617021542e-02 4.427162688661196582e-02
3.930000000000000000e+02 4.385319148936171058e-02 4.392094948386712078e-02
3.940000000000000000e+02 4.565531914893618259e-02 4.357304981145304623e-02
3.950000000000000000e+02 4.578297872340426206e-02 4.322790586685196917e-02
3.960000000000000000e+02 4.375531914893616287e-02 4.288549582182896863e-02
3.970000000000000000e+02 4.752340425531916684e-02 4.254579802105146885e-02
3.980000000000000000e+02 4.827659574468086412e-02 4.220879098071970287e-02
3.990000000000000000e+02 4.611489361702127837e-02 4.187445338720797300e-02
4.000000000000000000e+02 4.577021276595743399e-02 4.154276409571670131e-02
4.010000000000000000e+02 4.758085106382979601e-02 4.121370212893513824e-02
4.020000000000000000e+02 4.669999999999999152e-02 4.088724667571470850e-02
4.030000000000000000e+02 4.634680851063829876e-02 4.056337708975278622e-02
4.040000000000000000e+02 4.827659574468085718e-02 4.024207288828698936e-02
4.050000000000000000e+02 4.482553191489361405e-02 3.992331375079975070e-02
4.060000000000000000e+02 3.997872340425532439e-02 3.960707951773313751e-02
4.070000000000000000e+02 3.977234042553191851e-02 3.929335018921398248e-02
4.080000000000000000e+02 3.525744680851062435e-02 3.898210592378888867e-02
4.090000000000000000e+02 3.438297872340425471e-02 3.867332703716945541e-02
4.100000000000000000e+02 3.397872340425531906e-02 3.836699400098736445e-02
4.110000000000000000e+02 3.392553191489362102e-02 3.806308744155929152e-02
4.120000000000000000e+02 3.521914893617020953e-02 3.776158813866169195e-02
4.130000000000000000e+02 3.355744680851063810e-02 3.746247702431520360e-02
4.140000000000000000e+02 3.348297872340424280e-02 3.716573518157871570e-02
4.150000000000000000e+02 3.328936170212766499e-02 3.687134384335300635e-02
4.160000000000000000e+02 3.331702127659572771e-02 3.657928439119383091e-02
4.170000000000000000e+02 3.383191489361700444e-02 3.628953835413441242e-02
4.180000000000000000e+02 3.361489361702125339e-02 3.600208740751727199e-02
4.190000000000000000e+02 3.622340425531913460e-02 3.571691337183530851e-02
4.200000000000000000e+02 3.591702127659573279e-02 3.543399821158205870e-02
4.210000000000000000e+02 3.354680851063828601e-02 3.515332403411104700e-02
4.220000000000000000e+02 3.312978723404254311e-02 3.487487308850421158e-02
4.230000000000000000e+02 3.340425531914893026e-02 3.459862776444923987e-02
4.240000000000000000e+02 3.364042553191488871e-02 3.432457059112582753e-02
4.250000000000000000e+02 3.372340425531915320e-02 3.405268423610081918e-02
4.260000000000000000e+02 3.664255319148935347e-02 3.378295150423191867e-02
4.270000000000000000e+02 3.574042553191488641e-02 3.351535533658031585e-02
4.280000000000000000e+02 3.307446808510638298e-02 3.324987880933173018e-02
4.290000000000000000e+02 3.202340425531915308e-02 3.298650513272614881e-02
4.300000000000000000e+02 3.082127659574467743e-02 3.272521764999593991e-02
4.310000000000000000e+02 3.064893617021277258e-02 3.246599983631241054e-02
4.320000000000000000e+02 3.390425531914893070e-02 3.220883529774073994e-02
4.330000000000000000e+02 3.160638297872341018e-02 3.195370777020314218e-02
4.340000000000000000e+02 2.914255319148937109e-02 3.170060111845027229e-02
4.350000000000000000e+02 2.858297872340425511e-02 3.144949933504076478e-02
4.360000000000000000e+02 2.818510638297871268e-02 3.120038653932886291e-02
4.370000000000000000e+02 2.782765957446809227e-02 3.095324697646007969e-02
4.380000000000000000e+02 2.736808510638297914e-02 3.070806501637477273e-02
4.390000000000000000e+02 2.691276595744681102e-02 3.046482515281966064e-02
4.400000000000000000e+02 2.682978723404255694e-02 3.022351200236714219e-02
4.410000000000000000e+02 2.671276595744680529e-02 2.998411030344236977e-02
4.420000000000000000e+02 2.763617021276595226e-02 2.974660491535811163e-02
4.430000000000000000e+02 2.963617021276596097e-02 2.951098081735710824e-02
4.440000000000000000e+02 2.926808510638298846e-02 2.927722310766215849e-02
4.450000000000000000e+02 2.886808510638298048e-02 2.904531700253365489e-02
4.460000000000000000e+02 2.879787234042553018e-02 2.881524783533461614e-02
4.470000000000000000e+02 2.772553191489362037e-02 2.858700105560310276e-02
4.480000000000000000e+02 2.775957446808511794e-02 2.836056222813198788e-02
4.490000000000000000e+02 2.929361702127660297e-02 2.813591703205602090e-02
4.500000000000000000e+02 3.262765957446808751e-02 2.791305125994612488e-02
4.510000000000000000e+02 3.428936170212767282e-02 2.769195081691086177e-02
4.520000000000000000e+02 3.188723404255320443e-02 2.747260171970501708e-02
4.530000000000000000e+02 3.196170212765957891e-02 2.725499009584523777e-02
4.540000000000000000e+02 3.370638297872340788e-02 2.703910218273269939e-02
4.550000000000000000e+02 3.559999999999999970e-02 2.682492432678269118e-02
4.560000000000000000e+02 3.211914893617021094e-02 2.661244298256111585e-02
4.570000000000000000e+02 2.986808510638297443e-02 2.640164471192783108e-02
4.580000000000000000e+02 3.028510638297871038e-02 2.619251618318673910e-02
4.590000000000000000e+02 3.027021276595744104e-02 2.598504417024271110e-02
4.600000000000000000e+02 3.021702127659573259e-02 2.577921555176502719e-02
4.610000000000000000e+02 3.006808510638296281e-02 2.557501731035758535e-02
4.620000000000000000e+02 2.992765957446806915e-02 2.537243653173562249e-02
4.630000000000000000e+02 2.897234042553190753e-02 2.517146040390897191e-02
4.640000000000000000e+02 2.858723404255318970e-02 2.497207621637176356e-02
4.650000000000000000e+02 2.960638297872339800e-02 2.477427135929857749e-02
4.660000000000000000e+02 2.782765957446808880e-02 2.457803332274694982e-02
4.670000000000000000e+02 2.908723404255319014e-02 2.438334969586619314e-02
4.680000000000000000e+02 3.153191489361702182e-02 2.419020816611248265e-02
4.690000000000000000e+02 3.034042553191489480e-02 2.399859651847016662e-02
4.700000000000000000e+02 2.709148936170213684e-02 2.380850263467924194e-02
4.710000000000000000e+02 2.685957446808511645e-02 2.361991449246895330e-02
4.720000000000000000e+02 2.694893617021277069e-02 2.343282016479744656e-02
4.730000000000000000e+02 2.709148936170213684e-02 2.324720781909746931e-02
4.740000000000000000e+02 2.711489361702128578e-02 2.306306571652802159e-02
4.750000000000000000e+02 2.665957446808511072e-02 2.288038221123194285e-02
4.760000000000000000e+02 2.724255319148937218e-02 2.269914574959943504e-02
4.770000000000000000e+02 2.665531914893617960e-02 2.251934486953727568e-02
4.780000000000000000e+02 2.622765957446808807e-02 2.234096819974398795e-02
4.790000000000000000e+02 2.599361702127659865e-02 2.216400445899063473e-02
4.800000000000000000e+02 2.574468085106383294e-02 2.198844245540737541e-02
4.810000000000000000e+02 2.549787234042553627e-02 2.181427108577562932e-02
4.820000000000000000e+02 2.587659574468086088e-02 2.164147933482587702e-02
4.830000000000000000e+02 2.614893617021276859e-02 2.147005627454100576e-02
4.840000000000000000e+02 2.649787234042553369e-02 2.129999106346518178e-02
4.850000000000000000e+02 2.638510638297873051e-02 2.113127294601819736e-02
4.860000000000000000e+02 2.645744680851064637e-02 2.096389125181524066e-02
4.870000000000000000e+02 2.618936170212766285e-02 2.079783539499207093e-02
4.880000000000000000e+02 2.584893617021276346e-02 2.063309487353551241e-02
4.890000000000000000e+02 2.578085106382979608e-02 2.046965926861927035e-02
4.900000000000000000e+02 2.491489361702128522e-02 2.030751824394502053e-02
4.910000000000000000e+02 2.495531914893617254e-02 2.014666154508867185e-02
4.920000000000000000e+02 2.477872340425531922e-02 1.998707899885187114e-02
4.930000000000000000e+02 2.467021276595744717e-02 1.982876051261856995e-02
4.940000000000000000e+02 2.635106382978722600e-02 1.967169607371678855e-02
4.950000000000000000e+02 2.570425531914893175e-02 1.951587574878531003e-02
4.960000000000000000e+02 2.642553191489362477e-02 1.936128968314549531e-02
4.970000000000000000e+02 2.629148936170212433e-02 1.920792810017802124e-02
4.980000000000000000e+02 2.590638297872340304e-02 1.905578130070458356e-02
4.990000000000000000e+02 2.594893617021276286e-02 1.890483966237446398e-02
5.000000000000000000e+02 2.597446808510638083e-02 1.875509363905599261e-02
5.010000000000000000e+02 2.599361702127659518e-02 1.860653376023280181e-02
5.020000000000000000e+02 2.568085106382978627e-02 1.845915063040488163e-02
5.030000000000000000e+02 2.574255319148936391e-02 1.831293492849436072e-02
5.040000000000000000e+02 2.591276595744681013e-02 1.816787740725603686e-02
5.050000000000000000e+02 2.606595744680851451e-02 1.802396889269250110e-02
5.060000000000000000e+02 2.722765957446808896e-02 1.788120028347396986e-02
5.070000000000000000e+02 2.719361702127660180e-02 1.773956255036266555e-02
5.080000000000000000e+02 2.700638297872341026e-02 1.759904673564179067e-02
5.090000000000000000e+02 2.660000000000000558e-02 1.745964395254898105e-02
5.100000000000000000e+02 3.135319148936170641e-02 1.732134538471430396e-02
5.110000000000000000e+02 3.187659574468085233e-02 1.718414228560264517e-02
5.120000000000000000e+02 3.136595744680851366e-02 1.704802597796057501e-02
5.130000000000000000e+02 3.124893617021277589e-02 1.691298785326753734e-02
5.140000000000000000e+02 3.127021276595743499e-02 1.677901937119143441e-02
5.150000000000000000e+02 3.120638297872339872e-02 1.664611205904848942e-02
5.160000000000000000e+02 3.066382978723404540e-02 1.651425751126741129e-02
5.170000000000000000e+02 3.090000000000000038e-02 1.638344738885778862e-02
5.180000000000000000e+02 3.230851063829788539e-02 1.625367341888269909e-02
5.190000000000000000e+02 3.171276595744681320e-02 1.612492739393549951e-02
5.200000000000000000e+02 3.147446808510639266e-02 1.599720117162076183e-02
5.210000000000000000e+02 3.140425531914894236e-02 1.587048667403930316e-02
5.220000000000000000e+02 3.115106382978724553e-02 1.574477588727732358e-02
5.230000000000000000e+02 3.054255319148936609e-02 1.562006086089956156e-02
5.240000000000000000e+02 3.031276595744680086e-02 1.549633370744649651e-02
5.250000000000000000e+02 3.027021276595744104e-02 1.537358660193549088e-02
5.260000000000000000e+02 2.978085106382979269e-02 1.525181178136592909e-02
5.270000000000000000e+02 2.935957446808510826e-02 1.513100154422824389e-02
5.280000000000000000e+02 3.057446808510638769e-02 1.501114825001684770e-02
5.290000000000000000e+02 3.150000000000000716e-02 1.489224431874691668e-02
5.300000000000000000e+02 3.249361702127659401e-02 1.477428223047499815e-02
5.310000000000000000e+02 3.252765957446808465e-02 1.465725452482343275e-02
5.320000000000000000e+02 3.294042553191488254e-02 1.454115380050851995e-02
5.330000000000000000e+02 3.284680851063829371e-02 1.442597271487243253e-02
5.340000000000000000e+02 3.408510638297871514e-02 1.431170398341884836e-02
5.350000000000000000e+02 3.379999999999999671e-02 1.419834037935224086e-02
5.360000000000000000e+02 3.509574468085106813e-02 1.408587473312082096e-02
5.370000000000000000e+02 3.617872340425532657e-02 1.397429993196315501e-02
5.380000000000000000e+02 3.222127659574468284e-02 1.386360891945825208e-02
5.390000000000000000e+02 3.365531914893617887e-02 1.375379469507933931e-02
5.400000000000000000e+02 3.294468085106382754e-02 1.364485031375110673e-02
5.410000000000000000e+02 3.269361702127660668e-02 1.353676888541047521e-02
5.420000000000000000e+02 3.264680851063830186e-02 1.342954357457084615e-02
5.430000000000000000e+02 3.164680851063829403e-02 1.332316759988979270e-02
5.440000000000000000e+02 3.020638297872340131e-02 1.321763423374018413e-02
5.450000000000000000e+02 3.014893617021276867e-02 1.311293680178470498e-02
5.460000000000000000e+02 2.953404255319149255e-02 1.300906868255374479e-02
5.470000000000000000e+02 2.944468085106383137e-02 1.290602330702662892e-02
5.480000000000000000e+02 2.941702127659574437e-02 1.280379415821616962e-02
5.490000000000000000e+02 2.932553191489362804e-02 1.270237477075650614e-02
5.500000000000000000e+02 2.912765957446809134e-02 1.260175873049421309e-02
5.510000000000000000e+02 2.945319148936170750e-02 1.250193967408263704e-02
5.520000000000000000e+02 2.825106382978723185e-02 1.240291128857946325e-02
5.530000000000000000e+02 2.796170212765957189e-02 1.230466731104745345e-02
5.540000000000000000e+02 2.767021276595744636e-02 1.220720152815835818e-02
5.550000000000000000e+02 2.705531914893617718e-02 1.211050777579995852e-02
5.560000000000000000e+02 3.192553191489362618e-02 1.201457993868622690e-02
5.570000000000000000e+02 3.116170212765958375e-02 1.191941194997056877e-02
5.580000000000000000e+02 2.759361702127659591e-02 1.182499779086213995e-02
5.590000000000000000e+02 2.746808510638296813e-02 1.173133149024518408e-02
5.600000000000000000e+02 2.723191489361701315e-02 1.163840712430140416e-02
5.610000000000000000e+02 2.724893617021276193e-02 1.154621881613531256e-02
5.620000000000000000e+02 2.701702127659574154e-02 1.145476073540256136e-02
5.630000000000000000e+02 2.698936170212766147e-02 1.136402709794119559e-02
5.640000000000000000e+02 2.619574468085106300e-02 1.127401216540585560e-02
5.650000000000000000e+02 2.619999999999999413e-02 1.118471024490485209e-02
5.660000000000000000e+02 2.563617021276595742e-02 1.109611568864012424e-02
5.670000000000000000e+02 2.551489361702128159e-02 1.100822289355006187e-02
5.680000000000000000e+02 2.559574468085106316e-02 1.092102630095513442e-02
5.690000000000000000e+02 2.549574468085106724e-02 1.083452039620634751e-02
5.700000000000000000e+02 2.537234042553191196e-02 1.074869970833645764e-02
5.710000000000000000e+02 2.460425531914893146e-02 1.066355880971401118e-02
5.720000000000000000e+02 2.668936170212765982e-02 1.057909231570002516e-02
5.730000000000000000e+02 2.601489361702128203e-02 1.049529488430746976e-02
5.740000000000000000e+02 2.598936170212766406e-02 1.041216121586342053e-02
5.750000000000000000e+02 2.559148936170212857e-02 1.032968605267388200e-02
5.760000000000000000e+02 2.516382978723404398e-02 1.024786417869127594e-02
5.770000000000000000e+02 2.466595744680851604e-02 1.016669041918454724e-02
5.780000000000000000e+02 2.464042553191489807e-02 1.008615964041190832e-02
5.790000000000000000e+02 2.587872340425532644e-02 1.000626674929614920e-02
5.800000000000000000e+02 2.580638297872341058e-02 9.927006693102541010e-03
5.810000000000000000e+02 2.576808510638297842e-02 9.848374459119275601e-03
5.820000000000000000e+02 2.578936170212765833e-02 9.770365074340441394e-03
5.830000000000000000e+02 2.555531914893616890e-02 9.692973605151519734e-03
5.840000000000000000e+02 2.538085106382978809e-02 9.616195157017353237e-03
5.850000000000000000e+02 2.540425531914893703e-02 9.540024874172603475e-03
5.860000000000000000e+02 2.593404255319149004e-02 9.464457939314652873e-03
5.870000000000000000e+02 2.538936170212765381e-02 9.389489573298936964e-03
5.880000000000000000e+02 2.516382978723403704e-02 9.315115034836694841e-03
5.890000000000000000e+02 2.678297872340424865e-02 9.241329620195115266e-03
5.900000000000000000e+02 2.660425531914893324e-02 9.168128662899843739e-03
5.910000000000000000e+02 2.795106382978723367e-02 9.095507533439869605e-03
5.920000000000000000e+02 2.817659574468084696e-02 9.023461638974729013e-03
5.930000000000000000e+02 2.790212765957447716e-02 8.951986423044041088e-03
5.940000000000000000e+02 2.754893617021277052e-02 8.881077365279335667e-03
5.950000000000000000e+02 2.711489361702128231e-02 8.810729981118170864e-03
5.960000000000000000e+02 2.697872340425531978e-02 8.740939821520510994e-03
5.970000000000000000e+02 2.732340425531915029e-02 8.671702472687352684e-03
5.980000000000000000e+02 2.713191489361702069e-02 8.603013555781574909e-03
5.990000000000000000e+02 2.694680851063829818e-02 8.534868726651011206e-03
6.000000000000000000e+02 2.655531914893618020e-02 8.467263675553705904e-03
6.010000000000000000e+02 2.664042553191489984e-02 8.400194126885349166e-03
6.020000000000000000e+02 2.650851063829787885e-02 8.333655838908868296e-03
6.030000000000000000e+02 2.624255319148936783e-02 8.267644603486170099e-03
6.040000000000000000e+02 2.612340425531915408e-02 8.202156245811996135e-03
6.050000000000000000e+02 2.617659574468085906e-02 8.137186624149889136e-03
6.060000000000000000e+02 2.434255319148936544e-02 8.072731629570280981e-03
6.070000000000000000e+02 2.366170212765957362e-02 8.008787185690582552e-03
6.080000000000000000e+02 2.385744680851063435e-02 7.945349248417410762e-03
6.090000000000000000e+02 2.246382978723403603e-02 7.882413805690810515e-03
6.100000000000000000e+02 2.358085106382978510e-02 7.819976877230527118e-03
6.110000000000000000e+02 2.332553191489362271e-02 7.758034514284264938e-03
6.120000000000000000e+02 2.395319148936170608e-02 7.696582799377966154e-03
6.130000000000000000e+02 2.211489361702127440e-02 7.635617846068045410e-03
6.140000000000000000e+02 2.331276595744680158e-02 7.575135798695598575e-03
6.150000000000000000e+02 2.339361702127659356e-02 7.515132832142557007e-03
6.160000000000000000e+02 2.345531914893617120e-02 7.455605151589772550e-03
6.170000000000000000e+02 2.309148936170212982e-02 7.396548992277016815e-03
6.180000000000000000e+02 2.281063829787234598e-02 7.337960619264885173e-03
6.190000000000000000e+02 2.267234042553191095e-02 7.279836327198582931e-03
6.200000000000000000e+02 2.277659574468085188e-02 7.222172440073585872e-03
6.210000000000000000e+02 2.239361702127659268e-02 7.164965311003153488e-03
6.220000000000000000e+02 2.228936170212765869e-02 7.108211321987688812e-03
6.230000000000000000e+02 2.236170212765956761e-02 7.051906883685919725e-03
6.240000000000000000e+02 2.195744680851063543e-02 6.996048435187896507e-03
6.250000000000000000e+02 2.318723404255318768e-02 6.940632443789785701e-03
6.260000000000000000e+02 2.297021276595744010e-02 6.885655404770448136e-03
6.270000000000000000e+02 2.328936170212766305e-02 6.831113841169785504e-03
6.280000000000000000e+02 2.498936170212764929e-02 6.777004303568847678e-03
6.290000000000000000e+02 2.496382978723404172e-02 6.723323369871674754e-03
6.300000000000000000e+02 2.504042553191489218e-02 6.670067645088872087e-03
6.310000000000000000e+02 2.505319148936169943e-02 6.617233761122896622e-03
6.320000000000000000e+02 2.573617021276596029e-02 6.564818376555046735e-03
6.330000000000000000e+02 2.647659574468085378e-02 6.512818176434139079e-03
6.340000000000000000e+02 2.548936170212766361e-02 6.461229872066855118e-03
6.350000000000000000e+02 2.475319148936170471e-02 6.410050200809754711e-03
6.360000000000000000e+02 2.542978723404255501e-02 6.359275925862929897e-03
6.370000000000000000e+02 2.547446808510638733e-02 6.308903836065302313e-03
6.380000000000000000e+02 2.489574468085106393e-02 6.258930745691534785e-03
6.390000000000000000e+02 2.496808510638297285e-02 6.209353494250550998e-03
6.400000000000000000e+02 2.475106382978724262e-02 6.160168946285651988e-03
6.410000000000000000e+02 2.509148936170213506e-02 6.111373991176238113e-03
6.420000000000000000e+02 2.484042553191489339e-02 6.062965542941050646e-03
6.430000000000000000e+02 2.522127659574468356e-02 6.014940540043019722e-03
6.440000000000000000e+02 2.585531914893617403e-02 5.967295945195639703e-03
6.450000000000000000e+02 2.512127659574468763e-02 5.920028745170878917e-03
6.460000000000000000e+02 2.556382978723405197e-02 5.873135950608608137e-03
6.470000000000000000e+02 2.505319148936171331e-02 5.826614595827547816e-03
6.480000000000000000e+02 2.481702127659574791e-02 5.780461738637699375e-03
6.490000000000000000e+02 2.501063829787234655e-02 5.734674460154277897e-03
6.500000000000000000e+02 2.492978723404255803e-02 5.689249864613103724e-03
6.510000000000000000e+02 2.475957446808510834e-02 5.644185079187466827e-03
6.520000000000000000e+02 2.414042553191489415e-02 5.599477253806438813e-03
6.530000000000000000e+02 2.308936170212765732e-02 5.555123560974619540e-03
6.540000000000000000e+02 2.198723404255319147e-02 5.511121195593319221e-03
6.550000000000000000e+02 2.135957446808510463e-02 5.467467374783151722e-03
6.560000000000000000e+02 2.162340425531915356e-02 5.424159337708033858e-03
6.570000000000000000e+02 2.088085106382979103e-02 5.381194345400582002e-03
6.580000000000000000e+02 2.073829787234042835e-02 5.338569680588885202e-03
6.590000000000000000e+02 2.032765957446808561e-02 5.296282647524657404e-03
6.600000000000000000e+02 2.008297872340425796e-02 5.254330571812747958e-03
6.610000000000000000e+02 2.002127659574468033e-02 5.212710800242000009e-03
6.620000000000000000e+02 1.853829787234043125e-02 5.171420700617455034e-03
6.630000000000000000e+02 1.873617021276596101e-02 5.130457661593879233e-03
6.640000000000000000e+02 1.756382978723404487e-02 5.089819092510613520e-03
6.650000000000000000e+02 1.686595744680850772e-02 5.049502423227728888e-03
6.660000000000000000e+02 1.679787234042552993e-02 5.009505103963484557e-03
6.670000000000000000e+02 1.932553191489361916e-02 4.969824605133065475e-03
6.680000000000000000e+02 1.962127659574467581e-02 4.930458417188601783e-03
6.690000000000000000e+02 1.932553191489361569e-02 4.891404050460460701e-03
6.700000000000000000e+02 1.911914893617020980e-02 4.852659034999783939e-03
6.710000000000000000e+02 1.901489361702127234e-02 4.814220920422281058e-03
6.720000000000000000e+02 2.049574468085105933e-02 4.776087275753258810e-03
6.730000000000000000e+02 1.999574468085106582e-02 4.738255689273874333e-03
6.740000000000000000e+02 2.328085106382978692e-02 4.700723768368608724e-03
6.750000000000000000e+02 2.573404255319148431e-02 4.663489139373960986e-03
6.760000000000000000e+02 2.454893617021276439e-02 4.626549447428304242e-03
6.770000000000000000e+02 2.427234042553191515e-02 4.589902356322976204e-03
6.780000000000000000e+02 2.426382978723404249e-02 4.553545548354517164e-03
6.790000000000000000e+02 2.408936170212766167e-02 4.517476724178096266e-03
6.800000000000000000e+02 2.404042553191489129e-02 4.481693602662086169e-03
6.810000000000000000e+02 2.427234042553191515e-02 4.446193920743800841e-03
6.820000000000000000e+02 2.403829787234042573e-02 4.410975433286366126e-03
6.830000000000000000e+02 2.383404255319148887e-02 4.376035912936731762e-03
6.840000000000000000e+02 2.363191489361702105e-02 4.341373149984803156e-03
6.850000000000000000e+02 2.350851063829787618e-02 4.306984952223692938e-03
6.860000000000000000e+02 2.365106382978723193e-02 4.272869144811074910e-03
6.870000000000000000e+02 2.335957446808510987e-02 4.239023570131638698e-03
6.880000000000000000e+02 2.312340425531914448e-02 4.205446087660636399e-03
6.890000000000000000e+02 2.314042553191488980e-02 4.172134573828505631e-03
6.900000000000000000e+02 2.280212765957446638e-02 4.139086921886565504e-03
6.910000000000000000e+02 2.276595744680851366e-02 4.106301041773782051e-03
6.920000000000000000e+02 2.310851063829787513e-02 4.073774859984578833e-03
6.930000000000000000e+02 2.485744680851064217e-02 4.041506319437706586e-03
6.940000000000000000e+02 2.884255319148936944e-02 4.009493379346139828e-03
6.950000000000000000e+02 2.780851063829788139e-02 3.977734015088013435e-03
6.960000000000000000e+02 2.726170212765958306e-02 3.946226218078576625e-03
6.970000000000000000e+02 2.701063829787234832e-02 3.914967995643160899e-03
6.980000000000000000e+02 2.666808510638297991e-02 3.883957370891159312e-03
6.990000000000000000e+02 2.672340425531915392e-02 3.853192382590995852e-03
7.000000000000000000e+02 2.700638297872340679e-02 3.822671085046091839e-03
7.010000000000000000e+02 2.618510638297872825e-02 3.792391547971813315e-03
7.020000000000000000e+02 2.838936170212765994e-02 3.762351856373390320e-03
7.030000000000000000e+02 2.807446808510638200e-02 3.732550110424806729e-03
7.040000000000000000e+02 2.708936170212766781e-02 3.702984425348648106e-03
7.050000000000000000e+02 2.718085106382979454e-02 3.673652931296899748e-03
7.060000000000000000e+02 2.713829787234042779e-02 3.644553773232690579e-03
7.070000000000000000e+02 2.661276595744680590e-02 3.615685110812975542e-03
7.080000000000000000e+02 2.667872340425531813e-02 3.587045118272142591e-03
7.090000000000000000e+02 2.720851063829786767e-02 3.558631984306541689e-03
7.100000000000000000e+02 2.737446808510637583e-02 3.530443911959944489e-03
7.110000000000000000e+02 2.701276595744680001e-02 3.502479118509878742e-03
7.120000000000000000e+02 2.731489361702126722e-02 3.474735835354893828e-03
7.130000000000000000e+02 2.640212765957446195e-02 3.447212307902705348e-03
7.140000000000000000e+02 2.763617021276595226e-02 3.419906795459227468e-03
7.150000000000000000e+02 3.253829787234042981e-02 3.392817571118484331e-03
7.160000000000000000e+02 3.273404255319148359e-02 3.365942921653395335e-03
7.170000000000000000e+02 3.329999999999998933e-02 3.339281147407421706e-03
7.180000000000000000e+02 3.293617021276595141e-02 3.312830562187076087e-03
7.190000000000000000e+02 3.217234042553190898e-02 3.286589493155279550e-03
7.200000000000000000e+02 3.130425531914893256e-02 3.260556280725565581e-03
7.210000000000000000e+02 3.003829787234041718e-02 3.234729278457121066e-03
7.220000000000000000e+02 3.279361702127658873e-02 3.209106852950659953e-03
7.230000000000000000e+02 3.270212765957446199e-02 3.183687383745118730e-03
7.240000000000000000e+02 3.265744680851062620e-02 3.158469263215175037e-03
7.250000000000000000e+02 3.234893617021275536e-02 3.133450896469572484e-03
7.260000000000000000e+02 3.197659574468084825e-02 3.108630701250255594e-03
7.270000000000000000e+02 3.154255319148936004e-02 3.084007107832300535e-03
7.280000000000000000e+02 3.131914893617021578e-02 3.059578558924640375e-03
7.290000000000000000e+02 3.114893617021276956e-02 3.035343509571575282e-03
7.300000000000000000e+02 3.053829787234042456e-02 3.011300427055064229e-03
7.310000000000000000e+02 2.998936170212765026e-02 2.987447790797789944e-03
7.320000000000000000e+02 2.976808510638297503e-02 2.963784092266990612e-03
7.330000000000000000e+02 3.247659574468084870e-02 2.940307834879056590e-03
7.340000000000000000e+02 3.205531914893616774e-02 2.917017533904878255e-03
7.350000000000000000e+02 3.457234042553192221e-02 2.893911716375948025e-03
7.360000000000000000e+02 3.432978723404256360e-02 2.870988920991202238e-03
7.370000000000000000e+02 3.364042553191490259e-02 2.848247698024605062e-03
7.380000000000000000e+02 3.443404255319148372e-02 2.825686609233460985e-03
7.390000000000000000e+02 3.431276595744681135e-02 2.803304227767453721e-03
7.400000000000000000e+02 3.507659574468084684e-02 2.781099138078408934e-03
7.410000000000000000e+02 3.484255319148935742e-02 2.759069935830767758e-03
7.420000000000000000e+02 3.419148936170213898e-02 2.737215227812772860e-03
7.430000000000000000e+02 3.365531914893617887e-02 2.715533631848350993e-03
7.440000000000000000e+02 3.327659574468085774e-02 2.694023776709712856e-03
7.450000000000000000e+02 3.102765957446809025e-02 2.672684302030612583e-03
7.460000000000000000e+02 3.046170212765957758e-02 2.651513858220325408e-03
7.470000000000000000e+02 2.996808510638296688e-02 2.630511106378290165e-03
7.480000000000000000e+02 2.952127659574467489e-02 2.609674718209433961e-03
7.490000000000000000e+02 2.867234042553191281e-02 2.589003375940163859e-03
7.500000000000000000e+02 2.829361702127658473e-02 2.568495772235026425e-03
7.510000000000000000e+02 3.183829787234042363e-02 2.548150610114027336e-03
7.520000000000000000e+02 3.175106382978723496e-02 2.527966602870604113e-03
7.530000000000000000e+02 3.129787234042553240e-02 2.507942473990251980e-03
7.540000000000000000e+02 3.105744680851064629e-02 2.488076957069789395e-03
7.550000000000000000e+02 3.235319148936170036e-02 2.468368795737268043e-03
7.560000000000000000e+02 3.170425531914893014e-02 2.448816743572513818e-03
7.570000000000000000e+02 3.132553191489360900e-02 2.429419564028298829e-03
7.580000000000000000e+02 3.139148936170212817e-02 2.410176030352137455e-03
7.590000000000000000e+02 3.275106382978724279e-02 2.391084925508701713e-03
7.600000000000000000e+02 3.189787234042552877e-02 2.372145042102851136e-03
7.610000000000000000e+02 3.112340425531915158e-02 2.353355182303272421e-03
7.620000000000000000e+02 3.060212765957447123e-02 2.334714157766724051e-03
7.630000000000000000e+02 3.174893617021276593e-02 2.316220789562881133e-03
7.640000000000000000e+02 3.103829787234042153e-02 2.297873908099774820e-03
7.650000000000000000e+02 3.095744680851063649e-02 2.279672353049823266e-03
7.660000000000000000e+02 3.038297872340425115e-02 2.261614973276447615e-03
7.670000000000000000e+02 2.917021276595743728e-02 2.243700626761269135e-03
7.680000000000000000e+02 2.889148936170212595e-02 2.225928180531886163e-03
7.690000000000000000e+02 2.870638297872339997e-02 2.208296510590216158e-03
7.700000000000000000e+02 2.861914893617021477e-02 2.190804501841414967e-03
7.710000000000000000e+02 2.827446808510638773e-02 2.173451048023349041e-03
7.720000000000000000e+02 2.817872340425532293e-02 2.156235051636634040e-03
7.730000000000000000e+02 2.804255319148936734e-02 2.139155423875224640e-03
7.740000000000000000e+02 2.813617021276597005e-02 2.122211084557552516e-03
7.750000000000000000e+02 2.760212765957447897e-02 2.105400962058213803e-03
7.760000000000000000e+02 2.692553191489362174e-02 2.088723993240193012e-03
7.770000000000000000e+02 2.330212765957447377e-02 2.072179123387627754e-03
7.780000000000000000e+02 2.330425531914892892e-02 2.055765306139102112e-03
7.790000000000000000e+02 2.526170212765957088e-02 2.039481503421478655e-03
7.800000000000000000e+02 2.464893617021275685e-02 2.023326685384233947e-03
7.810000000000000000e+02 2.603829787234041709e-02 2.007299830334336160e-03
7.820000000000000000e+02 2.677659574468084155e-02 1.991399924671626194e-03
7.830000000000000000e+02 2.638936170212765470e-02 1.975625962824714438e-03
7.840000000000000000e+02 2.408297872340425111e-02 1.959976947187383640e-03
7.850000000000000000e+02 2.254680851063829358e-02 1.944451888055497447e-03
7.860000000000000000e+02 2.223191489361701217e-02 1.929049803564407244e-03
7.870000000000000000e+02 2.206595744680850402e-02 1.913769719626854911e-03
7.880000000000000000e+02 2.133404255319148665e-02 1.898610669871368456e-03
7.890000000000000000e+02 2.058510638297871703e-02 1.883571695581144449e-03
7.900000000000000000e+02 2.290638297872340037e-02 1.868651845633415107e-03
7.910000000000000000e+02 2.312553191489361004e-02 1.853850176439296102e-03
7.920000000000000000e+02 2.601702127659573718e-02 1.839165751884109688e-03
7.930000000000000000e+02 2.579148936170212389e-02 1.824597643268181845e-03
7.940000000000000000e+02 2.558085106382977994e-02 1.810144929248106924e-03
7.950000000000000000e+02 2.370638297872339206e-02 1.795806695778479371e-03
7.960000000000000000e+02 2.349361702127658949e-02 1.781582036054084935e-03
7.970000000000000000e+02 2.477234042553190865e-02 1.767470050452551577e-03
7.980000000000000000e+02 2.471914893617020714e-02 1.753469846477453357e-03
7.990000000000000000e+02 2.496595744680850382e-02 1.739580538701866004e-03
8.000000000000000000e+02 2.583191489361701468e-02 1.725801248712368523e-03
8.010000000000000000e+02 2.511914893617020819e-02 1.712131105053489545e-03
8.020000000000000000e+02 2.603191489361701347e-02 1.698569243172592773e-03
8.030000000000000000e+02 2.784680851063828927e-02 1.685114805365199369e-03
8.040000000000000000e+02 2.667872340425531119e-02 1.671766940720743368e-03
8.050000000000000000e+02 2.591063829787233416e-02 1.658524805068756647e-03
8.060000000000000000e+02 2.808297872340425466e-02 1.645387560925481302e-03
8.070000000000000000e+02 2.753829787234042190e-02 1.632354377440902241e-03
8.080000000000000000e+02 2.696808510638296769e-02 1.619424430346203068e-03
8.090000000000000000e+02 2.662127659574467856e-02 1.606596901901633954e-03
8.100000000000000000e+02 2.715957446808510770e-02 1.593870980844796495e-03
8.110000000000000000e+02 2.690212765957446239e-02 1.581245862339335359e-03
8.120000000000000000e+02 2.702553191489361073e-02 1.568720747924035866e-03
8.130000000000000000e+02 2.468297872340425095e-02 1.556294845462332689e-03
8.140000000000000000e+02 2.422765957446808283e-02 1.543967369092202587e-03
8.150000000000000000e+02 2.400425531914893162e-02 1.531737539176469560e-03
8.160000000000000000e+02 2.432340425531914416e-02 1.519604582253496639e-03
8.170000000000000000e+02 2.425106382978723177e-02 1.507567730988268418e-03
8.180000000000000000e+02 2.433617021276595141e-02 1.495626224123862164e-03
8.190000000000000000e+02 2.437659574468085261e-02 1.483779306433302952e-03
8.200000000000000000e+02 2.431063829787234037e-02 1.472026228671800222e-03
8.210000000000000000e+02 2.450212765957446304e-02 1.460366247529362727e-03
8.220000000000000000e+02 2.443404255319148871e-02 1.448798625583788604e-03
8.230000000000000000e+02 2.408936170212766167e-02 1.437322631254028208e-03
8.240000000000000000e+02 2.284042553191490202e-02 1.425937538753915563e-03
8.250000000000000000e+02 2.221489361702127380e-02 1.414642628046267146e-03
8.260000000000000000e+02 2.095744680851063801e-02 1.403437184797344311e-03
8.270000000000000000e+02 2.178085106382979252e-02 1.392320500331675672e-03
8.280000000000000000e+02 2.188085106382978845e-02 1.381291871587237699e-03
8.290000000000000000e+02 2.195319148936170084e-02 1.370350601070990503e-03
8.300000000000000000e+02 2.161063829787233589e-02 1.359495996814765774e-03
8.310000000000000000e+02 2.026808510638297700e-02 1.348727372331503388e-03
8.320000000000000000e+02 2.029148936170212247e-02 1.338044046571836704e-03
8.330000000000000000e+02 2.046808510638297232e-02 1.327445343881018727e-03
8.340000000000000000e+02 2.035106382978723802e-02 1.316930593956192616e-03
8.350000000000000000e+02 2.034468085106383439e-02 1.306499131803997649e-03
8.360000000000000000e+02 2.053191489361702246e-02 1.296150297698513663e-03
8.370000000000000000e+02 1.978085106382978728e-02 1.285883437139537276e-03
8.380000000000000000e+02 1.992978723404254665e-02 1.275697900811187911e-03
8.390000000000000000e+02 1.973404255319148246e-02 1.265593044540843639e-03
8.400000000000000000e+02 1.846382978723404289e-02 1.255568229258400550e-03
8.410000000000000000e+02 1.729361702127659925e-02 1.245622820955855428e-03
8.420000000000000000e+02 1.728510638297872312e-02 1.235756190647209355e-03
8.430000000000000000e+02 1.702127659574468113e-02 1.225967714328687680e-03
8.440000000000000000e+02 1.672553191489361754e-02 1.216256772939275279e-03
8.450000000000000000e+02 1.671063829787233779e-02 1.206622752321565364e-03
8.460000000000000000e+02 1.752765957446808520e-02 1.197065043182917940e-03
8.470000000000000000e+02 1.732127659574467932e-02 1.187583041056923571e-03
8.480000000000000000e+02 1.847021276595744305e-02 1.178176146265180269e-03
8.490000000000000000e+02 1.843404255319149032e-02 1.168843763879360296e-03
8.500000000000000000e+02 1.875744680851063745e-02 1.159585303683589213e-03
8.510000000000000000e+02 1.877872340425531736e-02 1.150400180137116802e-03
8.520000000000000000e+02 1.804042553191489290e-02 1.141287812337285924e-03
8.530000000000000000e+02 1.768297872340425514e-02 1.132247623982793241e-03
8.540000000000000000e+02 1.648297872340424852e-02 1.123279043337242463e-03
8.550000000000000000e+02 1.729361702127659231e-02 1.114381503192984901e-03
8.560000000000000000e+02 1.735106382978723188e-02 1.105554440835247341e-03
8.570000000000000000e+02 1.692127659574467827e-02 1.096797298006543754e-03
8.580000000000000000e+02 1.686808510638297329e-02 1.088109520871368687e-03
8.590000000000000000e+02 1.504042553191489197e-02 1.079490559981171466e-03
8.600000000000000000e+02 1.496808510638297264e-02 1.070939870239605773e-03
8.610000000000000000e+02 1.507446808510637913e-02 1.062456910868056145e-03
8.620000000000000000e+02 1.476170212765956676e-02 1.054041145371437463e-03
8.630000000000000000e+02 1.449787234042552823e-02 1.045692041504264194e-03
8.640000000000000000e+02 1.551276595744680367e-02 1.037409071236989819e-03
8.650000000000000000e+02 1.488936170212765316e-02 1.029191710722611452e-03
8.660000000000000000e+02 1.487021276595743707e-02 1.021039440263540529e-03
8.670000000000000000e+02 1.434042553191488580e-02 1.012951744278734779e-03
8.680000000000000000e+02 1.378085106382978195e-02 1.004928111271090416e-03
8.690000000000000000e+02 1.473404255319148495e-02 9.969680337950940965e-04
8.700000000000000000e+02 1.457234042553190792e-02 9.890710084247292342e-04
8.710000000000000000e+02 1.509787234042552460e-02 9.812365357216377548e-04
8.720000000000000000e+02 1.491276595744680904e-02 9.734641202035337068e-04
8.730000000000000000e+02 1.574893617021276560e-02 9.657532703128668926e-04
8.740000000000000000e+02 1.567872340425531530e-02 9.581034983857349965e-04
8.750000000000000000e+02 1.524255319148935632e-02 9.505143206210419369e-04
8.760000000000000000e+02 1.574042553191489294e-02 9.429852570499001625e-04
8.770000000000000000e+02 1.638085106382978356e-02 9.355158315052755939e-04
8.780000000000000000e+02 1.577872340425531469e-02 9.281055715918734746e-04
8.790000000000000000e+02 1.590425531914893206e-02 9.207540086562614450e-04
8.800000000000000000e+02 1.596808510638297873e-02 9.134606777572307082e-04
8.810000000000000000e+02 1.584680851063829249e-02 9.062251176363904067e-04
8.820000000000000000e+02 1.600638297872340049e-02 8.990468706889990060e-04
8.830000000000000000e+02 1.641489361702127420e-02 8.919254829350186991e-04
8.840000000000000000e+02 1.643829787234041620e-02 8.848605039904074675e-04
8.850000000000000000e+02 1.559148936170212316e-02 8.778514870386339456e-04
8.860000000000000000e+02 1.591702127659574278e-02 8.708979888024192097e-04
8.870000000000000000e+02 1.652553191489362569e-02 8.639995695157022364e-04
8.880000000000000000e+02 1.630851063829787465e-02 8.571557928958269731e-04
8.890000000000000000e+02 1.676382978723404277e-02 8.503662261159509106e-04
8.900000000000000000e+02 1.655957446808510591e-02 8.436304397776706043e-04
8.910000000000000000e+02 1.606808510638297813e-02 8.369480078838656628e-04
8.920000000000000000e+02 1.611702127659574504e-02 8.303185078117563235e-04
8.930000000000000000e+02 1.593829787234042270e-02 8.237415202861758092e-04
8.940000000000000000e+02 1.582765957446808161e-02 8.172166293530530199e-04
8.950000000000000000e+02 1.566382978723403555e-02 8.107434223531066438e-04
8.960000000000000000e+02 1.538297872340425171e-02 8.043214898957467846e-04
8.970000000000000000e+02 1.530212765957446319e-02 7.979504258331834550e-04
8.980000000000000000e+02 1.581914893617020895e-02 7.916298272347400923e-04
8.990000000000000000e+02 1.563829787234042451e-02 7.853592943613709040e-04
9.000000000000000000e+02 1.625106382978723160e-02 7.791384306403799842e-04
9.010000000000000000e+02 1.700851063829786694e-02 7.729668426403399220e-04
9.020000000000000000e+02 1.738936170212765711e-02 7.668441400462102297e-04
9.030000000000000000e+02 1.734042553191488673e-02 7.607699356346521186e-04
9.040000000000000000e+02 1.714042553191488794e-02 7.547438452495389746e-04
9.050000000000000000e+02 1.691489361702127464e-02 7.487654877776610133e-04
9.060000000000000000e+02 1.663617021276595290e-02 7.428344851246220567e-04
9.070000000000000000e+02 1.641063829787233613e-02 7.369504621909271289e-04
9.080000000000000000e+02 1.586595744680851031e-02 7.311130468482602207e-04
9.090000000000000000e+02 1.556808510638297768e-02 7.253218699159494050e-04
9.100000000000000000e+02 1.534893617021276455e-02 7.195765651376177839e-04
9.110000000000000000e+02 1.542553191489361500e-02 7.138767691580210272e-04
9.120000000000000000e+02 1.560638297872340464e-02 7.082221215000665147e-04
9.130000000000000000e+02 1.555744680851063426e-02 7.026122645420156002e-04
9.140000000000000000e+02 1.505957446808509938e-02 6.970468434948668291e-04
9.150000000000000000e+02 1.514893617021275882e-02 6.915255063799166397e-04
9.160000000000000000e+02 1.527234042553190889e-02 6.860479040064992829e-04
9.170000000000000000e+02 1.483404255319148782e-02 6.806136899499044433e-04
9.180000000000000000e+02 1.531276595744681009e-02 6.752225205294647538e-04
9.190000000000000000e+02 1.555744680851064120e-02 6.698740547868220962e-04
9.200000000000000000e+02 1.561489361702127904e-02 6.645679544643637955e-04
9.210000000000000000e+02 1.535744680851063720e-02 6.593038839838300099e-04
9.220000000000000000e+02 1.716595744680851285e-02 6.540815104250900401e-04
9.230000000000000000e+02 1.707872340425532418e-02 6.489005035050877728e-04
9.240000000000000000e+02 1.754893617021277205e-02 6.437605355569524668e-04
9.250000000000000000e+02 1.734468085106383173e-02 6.386612815092767214e-04
9.260000000000000000e+02 1.745319148936170031e-02 6.336024188655571847e-04
9.270000000000000000e+02 1.799574468085106405e-02 6.285836276837987588e-04
9.280000000000000000e+02 1.926808510638297958e-02 6.236045905562802435e-04
9.290000000000000000e+02 2.007446808510637837e-02 6.186649925894801162e-04
9.300000000000000000e+02 1.992553191489361553e-02 6.137645213841616890e-04
9.310000000000000000e+02 2.162553191489360871e-02 6.089028670156158016e-04
9.320000000000000000e+02 2.084893617021276596e-02 6.040797220140594215e-04
9.330000000000000000e+02 2.087234042553190796e-02 5.992947813451910202e-04
9.340000000000000000e+02 2.200212765957446429e-02 5.945477423908979544e-04
9.350000000000000000e+02 2.105957446808510991e-02 5.898383049301186712e-04
9.360000000000000000e+02 2.122340425531914557e-02 5.851661711198549677e-04
9.370000000000000000e+02 2.535319148936170108e-02 5.805310454763356037e-04
9.380000000000000000e+02 2.505319148936169943e-02 5.759326348563283430e-04
9.390000000000000000e+02 2.360212765957446501e-02 5.713706484386010722e-04
9.400000000000000000e+02 2.396808510638297196e-02 5.668447977055284187e-04
9.410000000000000000e+02 2.521702127659574202e-02 5.623547964248454961e-04
9.420000000000000000e+02 2.462127659574467678e-02 5.579003606315449800e-04
9.430000000000000000e+02 2.590212765957446497e-02 5.534812086099179500e-04
9.440000000000000000e+02 2.597872340425530502e-02 5.490970608757378456e-04
9.450000000000000000e+02 2.546382978723403176e-02 5.447476401585840677e-04
9.460000000000000000e+02 2.656808510638296664e-02 5.404326713843065266e-04
9.470000000000000000e+02 2.614893617021276165e-02 5.361518816576289672e-04
9.480000000000000000e+02 2.916808510638297519e-02 5.319050002448900971e-04
9.490000000000000000e+02 2.864893617021277428e-02 5.276917585569213236e-04
9.500000000000000000e+02 2.819148936170212325e-02 5.235118901320592573e-04
9.510000000000000000e+02 2.879361702127659559e-02 5.193651306192961260e-04
9.520000000000000000e+02 3.114893617021277303e-02 5.152512177615580164e-04
9.530000000000000000e+02 3.029361702127658998e-02 5.111698913791209173e-04
9.540000000000000000e+02 3.017446808510637624e-02 5.071208933531548080e-04
9.550000000000000000e+02 3.215531914893617754e-02 5.031039676094002351e-04
9.560000000000000000e+02 3.102765957446807984e-02 4.991188601019720672e-04
9.570000000000000000e+02 3.159361702127659599e-02 4.951653187972936783e-04
9.580000000000000000e+02 3.065319148936170718e-02 4.912430936581567908e-04
9.590000000000000000e+02 3.043617021276596307e-02 4.873519366279081160e-04
9.600000000000000000e+02 3.117234042553191850e-02 4.834916016147615446e-04
9.610000000000000000e+02 3.052553191489361731e-02 4.796618444762344247e-04
9.620000000000000000e+02 3.034468085106382940e-02 4.758624230037066796e-04
9.630000000000000000e+02 2.991276595744680675e-02 4.720930969071029286e-04
9.640000000000000000e+02 2.909148936170212474e-02 4.683536277996954962e-04
9.650000000000000000e+02 3.027234042553190660e-02 4.646437791830278219e-04
9.660000000000000000e+02 3.033617021276596021e-02 4.609633164319575658e-04
9.670000000000000000e+02 2.820851063829787897e-02 4.573120067798178926e-04
9.680000000000000000e+02 2.754680851063830843e-02 4.536896193036965542e-04
9.690000000000000000e+02 2.844468085106383048e-02 4.500959249098310895e-04
9.700000000000000000e+02 2.865319148936169846e-02 4.465306963191205229e-04
9.710000000000000000e+02 2.995744680851064601e-02 4.429937080527509576e-04
9.720000000000000000e+02 2.941489361702127880e-02 4.394847364179356062e-04
9.730000000000000000e+02 2.820425531914893744e-02 4.360035594937676875e-04
9.740000000000000000e+02 2.808085106382978563e-02 4.325499571171850495e-04
9.750000000000000000e+02 2.836170212765957294e-02 4.291237108690463035e-04
9.760000000000000000e+02 2.873404255319148351e-02 4.257246040603174372e-04
9.770000000000000000e+02 2.855106382978723351e-02 4.223524217183669579e-04
9.780000000000000000e+02 2.915957446808510253e-02 4.190069505733708642e-04
9.790000000000000000e+02 2.899999999999998759e-02 4.156879790448241409e-04
9.800000000000000000e+02 2.792978723404255376e-02 4.123952972281598071e-04
9.810000000000000000e+02 2.748085106382978579e-02 4.091286968814737820e-04
9.820000000000000000e+02 2.713617021276596222e-02 4.058879714123547018e-04
9.830000000000000000e+02 2.721276595744679880e-02 4.026729158648183616e-04
9.840000000000000000e+02 2.908510638297872805e-02 3.994833269063454827e-04
9.850000000000000000e+02 2.901914893617021929e-02 3.963190028150216648e-04
9.860000000000000000e+02 2.830425531914894030e-02 3.931797434667814225e-04
9.870000000000000000e+02 2.891702127659575433e-02 3.900653503227492032e-04
9.880000000000000000e+02 3.068085106382978378e-02 3.869756264166845428e-04
9.890000000000000000e+02 3.050212765957447184e-02 3.839103763425246916e-04
9.900000000000000000e+02 2.976170212765957834e-02 3.808694062420266060e-04
9.910000000000000000e+02 3.082765957446808106e-02 3.778525237925063575e-04
9.920000000000000000e+02 3.011914893617020916e-02 3.748595381946761727e-04
9.930000000000000000e+02 2.968297872340425539e-02 3.718902601605772094e-04
9.940000000000000000e+02 2.911702127659574965e-02 3.689445019016085003e-04
9.950000000000000000e+02 2.911914893617020827e-02 3.660220771166504948e-04
9.960000000000000000e+02 2.897659574468084559e-02 3.631228009802824909e-04
9.970000000000000000e+02 2.927872340425531628e-02 3.602464901310936901e-04
9.980000000000000000e+02 2.859574468085106583e-02 3.573929626600866783e-04
9.990000000000000000e+02 2.859574468085106583e-02 3.545620380991727945e-04
