# Time(fs) Population Fitted_Population
0.000000000000000000e+00 9.399999999999999467e-01 8.451919111778642968e-01
1.000000000000000000e+00 9.299779999999997493e-01 8.392245932988305901e-01
2.000000000000000000e+00 9.277799999999994940e-01 8.332994065407867135e-01
3.000000000000000000e+00 9.135999999999994126e-01 8.274160534449090942e-01
4.000000000000000000e+00 9.038819999999995192e-01 8.215742386525259899e-01
5.000000000000000000e+00 8.977099999999998969e-01 8.157736688902900157e-01
6.000000000000000000e+00 8.940939999999997223e-01 8.100140529554546998e-01
7.000000000000000000e+00 8.774159999999995296e-01 8.042951017012555104e-01
8.000000000000000000e+00 8.519280000000000186e-01 7.986165280223942453e-01
9.000000000000000000e+00 8.524639999999995554e-01 7.929780468406251170e-01
1.000000000000000000e+01 8.387459999999997695e-01 7.873793750904437561e-01
1.100000000000000000e+01 8.206639999999993940e-01 7.818202317048762451e-01
1.200000000000000000e+01 8.185979999999999368e-01 7.763003376013688506e-01
1.300000000000000000e+01 7.993319999999997094e-01 7.708194156677776743e-01
1.400000000000000000e+01 7.974859999999995841e-01 7.653771907484567816e-01
1.500000000000000000e+01 7.929219999999994606e-01 7.599733896304444736e-01
1.600000000000000000e+01 7.774099999999997124e-01 7.546077410297479249e-01
1.700000000000000000e+01 7.691639999999996258e-01 7.492799755777233006e-01
1.800000000000000000e+01 7.711979999999999391e-01 7.439898258075535731e-01
1.900000000000000000e+01 7.718539999999998180e-01 7.387370261408204852e-01
2.000000000000000000e+01 7.645160000000000844e-01 7.335213128741721045e-01
2.100000000000000000e+01 7.522639999999998217e-01 7.283424241660840792e-01
2.200000000000000000e+01 7.518219999999999903e-01 7.232001000237150423e-01
2.300000000000000000e+01 7.457019999999998650e-01 7.180940822898533860e-01
2.400000000000000000e+01 7.462240000000001094e-01 7.130241146299586275e-01
2.500000000000000000e+01 7.400620000000001086e-01 7.079899425192908158e-01
2.600000000000000000e+01 7.310080000000001021e-01 7.029913132301347511e-01
2.700000000000000000e+01 7.240500000000001934e-01 6.980279758191112460e-01
2.800000000000000000e+01 7.215139999999997666e-01 6.930996811145793135e-01
2.900000000000000000e+01 7.048459999999999726e-01 6.882061817041275065e-01
3.000000000000000000e+01 6.983179999999998833e-01 6.833472319221526314e-01
3.100000000000000000e+01 6.815340000000001952e-01 6.785225878375275022e-01
3.200000000000000000e+01 6.748659999999998549e-01 6.737320072413545136e-01
3.300000000000000000e+01 6.676019999999996957e-01 6.689752496348059241e-01
3.400000000000000000e+01 6.524799999999996158e-01 6.642520762170509574e-01
3.500000000000000000e+01 6.527079999999999549e-01 6.595622498732667260e-01
3.600000000000000000e+01 6.347519999999999829e-01 6.549055351627349753e-01
3.700000000000000000e+01 6.349200000000001509e-01 6.502816983070219825e-01
3.800000000000000000e+01 6.289480000000001736e-01 6.456905071782425010e-01
3.900000000000000000e+01 6.187380000000004543e-01 6.411317312874067476e-01
4.000000000000000000e+01 6.124540000000000539e-01 6.366051417728485484e-01
4.100000000000000000e+01 6.071460000000000745e-01 6.321105113887361959e-01
4.200000000000000000e+01 6.035739999999999439e-01 6.276476144936649071e-01
4.300000000000000000e+01 5.982960000000002720e-01 6.232162270393276637e-01
4.400000000000000000e+01 5.965600000000000902e-01 6.188161265592685423e-01
4.500000000000000000e+01 5.849979999999999070e-01 6.144470921577142031e-01
4.600000000000000000e+01 5.796599999999998420e-01 6.101089044984840948e-01
4.700000000000000000e+01 5.793000000000000371e-01 6.058013457939790403e-01
4.800000000000000000e+01 5.710999999999998300e-01 6.015241997942483154e-01
4.900000000000000000e+01 5.628499999999999615e-01 5.972772517761333333e-01
5.000000000000000000e+01 5.589659999999999629e-01 5.930602885324874896e-01
5.100000000000000000e+01 5.607259999999999467e-01 5.888730983614731684e-01
5.200000000000000000e+01 5.555800000000000738e-01 5.847154710559333557e-01
5.300000000000000000e+01 5.558019999999999072e-01 5.805871978928394128e-01
5.400000000000000000e+01 5.500180000000000069e-01 5.764880716228117929e-01
5.500000000000000000e+01 5.465400000000001368e-01 5.724178864597162519e-01
5.600000000000000000e+01 5.515479999999999272e-01 5.683764380703327790e-01
5.700000000000000000e+01 5.480639999999999956e-01 5.643635235640972470e-01
5.800000000000000000e+01 5.494540000000001090e-01 5.603789414829162263e-01
5.900000000000000000e+01 5.582700000000000440e-01 5.564224917910528534e-01
6.000000000000000000e+01 5.476999999999998536e-01 5.524939758650851962e-01
6.100000000000000000e+01 5.365960000000000729e-01 5.485931964839343422e-01
6.200000000000000000e+01 5.403239999999996934e-01 5.447199578189634295e-01
6.300000000000000000e+01 5.327680000000000193e-01 5.408740654241466217e-01
6.400000000000000000e+01 5.262480000000001601e-01 5.370553262263078054e-01
6.500000000000000000e+01 5.174939999999998985e-01 5.332635485154275656e-01
6.600000000000000000e+01 5.175099999999999145e-01 5.294985419350186628e-01
6.700000000000000000e+01 5.019500000000000073e-01 5.257601174725698989e-01
6.800000000000000000e+01 4.962300000000000599e-01 5.220480874500573742e-01
6.900000000000000000e+01 4.850779999999996761e-01 5.183622655145224689e-01
7.000000000000000000e+01 4.815639999999998255e-01 5.147024666287161043e-01
7.100000000000000000e+01 4.646639999999999104e-01 5.110685070618102843e-01
7.200000000000000000e+01 4.613519999999998178e-01 5.074602043801732520e-01
7.300000000000000000e+01 4.586859999999999271e-01 5.038773774382118154e-01
7.400000000000000000e+01 4.585760000000000947e-01 5.003198463692770659e-01
7.500000000000000000e+01 4.538199999999998346e-01 4.967874325766342136e-01
7.600000000000000000e+01 4.543880000000000141e-01 4.932799587244975359e-01
7.700000000000000000e+01 4.459420000000000606e-01 4.897972487291266663e-01
7.800000000000000000e+01 4.280899999999999150e-01 4.863391277499876098e-01
7.900000000000000000e+01 4.304240000000000843e-01 4.829054221809746528e-01
8.000000000000000000e+01 4.294860000000001454e-01 4.794959596416952796e-01
8.100000000000000000e+01 4.232960000000000611e-01 4.761105689688162612e-01
8.200000000000000000e+01 4.152139999999999720e-01 4.727490802074706955e-01
8.300000000000000000e+01 4.097359999999999891e-01 4.694113246027260544e-01
8.400000000000000000e+01 4.100920000000000676e-01 4.660971345911119057e-01
8.500000000000000000e+01 4.065200000000001590e-01 4.628063437922081969e-01
8.600000000000000000e+01 4.094780000000000086e-01 4.595387870002924924e-01
8.700000000000000000e+01 3.983559999999999324e-01 4.562943001760459971e-01
8.800000000000000000e+01 3.984259999999998358e-01 4.530727204383185880e-01
8.900000000000000000e+01 4.018380000000000285e-01 4.498738860559517994e-01
9.000000000000000000e+01 4.027539999999997788e-01 4.466976364396594845e-01
9.100000000000000000e+01 4.003799999999999581e-01 4.435438121339657647e-01
9.200000000000000000e+01 4.001160000000000272e-01 4.404122548092000433e-01
9.300000000000000000e+01 3.923659999999999370e-01 4.373028072535484756e-01
9.400000000000000000e+01 3.895300000000000429e-01 4.342153133651615038e-01
9.500000000000000000e+01 3.871180000000000176e-01 4.311496181443172926e-01
9.600000000000000000e+01 3.819440000000000612e-01 4.281055676856402870e-01
9.700000000000000000e+01 3.678419999999998913e-01 4.250830091703745039e-01
9.800000000000000000e+01 3.699900000000000411e-01 4.220817908587122247e-01
9.900000000000000000e+01 3.699779999999999736e-01 4.191017620821758660e-01
1.000000000000000000e+02 3.712400000000000144e-01 4.161427732360543086e-01
1.010000000000000000e+02 3.707460000000000200e-01 4.132046757718920160e-01
1.020000000000000000e+02 3.610200000000002296e-01 4.102873221900318335e-01
1.030000000000000000e+02 3.518820000000000281e-01 4.073905660322102995e-01
1.040000000000000000e+02 3.510879999999999557e-01 4.045142618742046392e-01
1.050000000000000000e+02 3.501700000000000368e-01 4.016582653185323259e-01
1.060000000000000000e+02 3.383379999999999721e-01 3.988224329872021023e-01
1.070000000000000000e+02 3.365180000000000393e-01 3.960066225145159602e-01
1.080000000000000000e+02 3.308100000000000485e-01 3.932106925399219133e-01
1.090000000000000000e+02 3.305600000000000205e-01 3.904345027009175073e-01
1.100000000000000000e+02 3.338380000000000236e-01 3.876779136260031788e-01
1.110000000000000000e+02 3.331020000000000092e-01 3.849407869276856853e-01
1.120000000000000000e+02 3.302780000000001270e-01 3.822229851955303292e-01
1.130000000000000000e+02 3.302240000000001841e-01 3.795243719892629763e-01
1.140000000000000000e+02 3.311800000000000299e-01 3.768448118319202567e-01
1.150000000000000000e+02 3.302639999999998910e-01 3.741841702030482275e-01
1.160000000000000000e+02 3.336559999999999526e-01 3.715423135319493864e-01
1.170000000000000000e+02 3.336299999999999266e-01 3.689191091909767573e-01
1.180000000000000000e+02 3.358119999999998884e-01 3.663144254888757723e-01
1.190000000000000000e+02 3.211680000000000645e-01 3.637281316641733930e-01
1.200000000000000000e+02 3.212660000000001070e-01 3.611600978786129179e-01
1.210000000000000000e+02 3.199840000000000462e-01 3.586101952106364177e-01
1.220000000000000000e+02 3.219879999999999964e-01 3.560782956489121354e-01
1.230000000000000000e+02 3.179499999999999549e-01 3.535642720859079602e-01
1.240000000000000000e+02 3.167940000000000755e-01 3.510679983115109759e-01
1.250000000000000000e+02 3.164379999999999415e-01 3.485893490066905853e-01
1.260000000000000000e+02 3.080299999999999150e-01 3.461281997372075425e-01
1.270000000000000000e+02 3.060279999999999667e-01 3.436844269473672275e-01
1.280000000000000000e+02 3.055499999999999883e-01 3.412579079538166082e-01
1.290000000000000000e+02 3.035019999999999940e-01 3.388485209393851671e-01
1.300000000000000000e+02 3.034979999999998235e-01 3.364561449469695709e-01
1.310000000000000000e+02 2.981259999999999466e-01 3.340806598734615274e-01
1.320000000000000000e+02 2.939640000000000586e-01 3.317219464637176096e-01
1.330000000000000000e+02 2.935219999999999496e-01 3.293798863045732106e-01
1.340000000000000000e+02 3.001940000000000164e-01 3.270543618188972435e-01
1.350000000000000000e+02 3.036320000000000130e-01 3.247452562596899184e-01
1.360000000000000000e+02 3.054559999999999498e-01 3.224524537042214867e-01
1.370000000000000000e+02 3.107980000000000742e-01 3.201758390482128402e-01
1.380000000000000000e+02 3.110600000000001142e-01 3.179152980000568007e-01
1.390000000000000000e+02 3.134360000000000479e-01 3.156707170750805425e-01
1.400000000000000000e+02 3.201979999999998716e-01 3.134419835898483164e-01
1.410000000000000000e+02 3.255199999999998650e-01 3.112289856565045310e-01
1.420000000000000000e+02 3.231039999999998913e-01 3.090316121771566893e-01
1.430000000000000000e+02 3.266919999999998714e-01 3.068497528382977957e-01
1.440000000000000000e+02 3.258799999999999475e-01 3.046832981052688960e-01
1.450000000000000000e+02 3.258319999999998995e-01 3.025321392167594770e-01
1.460000000000000000e+02 3.305840000000000445e-01 3.003961681793478333e-01
1.470000000000000000e+02 3.319919999999997873e-01 2.982752777620795159e-01
1.480000000000000000e+02 3.300200000000000911e-01 2.961693614910838601e-01
1.490000000000000000e+02 3.266280000000001404e-01 2.940783136442288170e-01
1.500000000000000000e+02 3.178639999999999799e-01 2.920020292458136990e-01
1.510000000000000000e+02 3.087560000000000304e-01 2.899404040612986178e-01
1.520000000000000000e+02 3.081360000000001320e-01 2.878933345920723363e-01
1.530000000000000000e+02 3.081040000000002665e-01 2.858607180702557038e-01
1.540000000000000000e+02 3.009820000000001383e-01 2.838424524535428928e-01
1.550000000000000000e+02 2.923820000000001973e-01 2.818384364200785530e-01
1.560000000000000000e+02 2.925419999999999687e-01 2.798485693633711024e-01
1.570000000000000000e+02 2.947819999999999885e-01 2.778727513872421007e-01
1.580000000000000000e+02 2.947140000000000315e-01 2.759108833008112049e-01
1.590000000000000000e+02 3.001380000000000159e-01 2.739628666135165980e-01
1.600000000000000000e+02 2.968700000000000228e-01 2.720286035301703875e-01
1.610000000000000000e+02 2.866500000000000159e-01 2.701079969460492558e-01
1.620000000000000000e+02 2.853680000000001216e-01 2.682009504420192481e-01
1.630000000000000000e+02 2.832140000000000213e-01 2.663073682796958108e-01
1.640000000000000000e+02 2.822600000000000109e-01 2.644271553966368038e-01
1.650000000000000000e+02 2.819180000000000019e-01 2.625602174015708168e-01
1.660000000000000000e+02 2.818579999999998864e-01 2.607064605696581272e-01
1.670000000000000000e+02 2.724479999999999680e-01 2.588657918377852418e-01
1.680000000000000000e+02 2.690539999999999599e-01 2.570381187998936889e-01
1.690000000000000000e+02 2.648519999999999208e-01 2.552233497023401187e-01
1.700000000000000000e+02 2.641400000000000414e-01 2.534213934392907652e-01
1.710000000000000000e+02 2.497760000000000258e-01 2.516321595481471052e-01
1.720000000000000000e+02 2.520299999999999763e-01 2.498555582050048518e-01
1.730000000000000000e+02 2.516800000000000148e-01 2.480915002201445618e-01
1.740000000000000000e+02 2.524439999999998907e-01 2.463398970335537452e-01
1.750000000000000000e+02 2.523879999999999457e-01 2.446006607104811159e-01
1.760000000000000000e+02 2.502979999999999650e-01 2.428737039370224282e-01
1.770000000000000000e+02 2.495579999999999743e-01 2.411589400157364560e-01
1.780000000000000000e+02 2.502679999999998794e-01 2.394562828612930294e-01
1.790000000000000000e+02 2.473959999999999493e-01 2.377656469961511310e-01
1.800000000000000000e+02 2.465000000000000246e-01 2.360869475462677169e-01
1.810000000000000000e+02 2.457139999999999325e-01 2.344201002368371256e-01
1.820000000000000000e+02 2.408760000000000068e-01 2.327650213880598506e-01
1.830000000000000000e+02 2.412519999999998832e-01 2.311216279109417626e-01
1.840000000000000000e+02 2.375000000000000444e-01 2.294898373031231120e-01
1.850000000000000000e+02 2.380900000000000516e-01 2.278695676447362872e-01
1.860000000000000000e+02 2.398680000000000812e-01 2.262607375942935206e-01
1.870000000000000000e+02 2.326120000000000965e-01 2.246632663846031830e-01
1.880000000000000000e+02 2.327740000000000087e-01 2.230770738187152213e-01
1.890000000000000000e+02 2.312620000000000509e-01 2.215020802658949906e-01
1.900000000000000000e+02 2.362080000000000568e-01 2.199382066576255901e-01
1.910000000000000000e+02 2.382920000000000316e-01 2.183853744836384558e-01
1.920000000000000000e+02 2.336520000000000263e-01 2.168435057879719574e-01
1.930000000000000000e+02 2.376540000000001152e-01 2.153125231650578064e-01
1.940000000000000000e+02 2.337760000000000948e-01 2.137923497558351094e-01
1.950000000000000000e+02 2.368680000000000230e-01 2.122829092438918430e-01
1.960000000000000000e+02 2.280879999999999574e-01 2.107841258516336136e-01
1.970000000000000000e+02 2.282379999999999964e-01 2.092959243364794497e-01
1.980000000000000000e+02 2.276580000000000548e-01 2.078182299870843519e-01
1.990000000000000000e+02 2.281800000000000495e-01 2.063509686195887372e-01
2.000000000000000000e+02 2.256819999999999382e-01 2.048940665738941125e-01
2.010000000000000000e+02 2.266460000000000141e-01 2.034474507099651441e-01
2.020000000000000000e+02 2.223419999999999841e-01 2.020110484041580390e-01
2.030000000000000000e+02 2.221699999999999786e-01 2.005847875455744056e-01
2.040000000000000000e+02 2.250320000000000376e-01 1.991685965324412888e-01
2.050000000000000000e+02 2.230459999999999388e-01 1.977624042685165451e-01
2.060000000000000000e+02 2.223659999999999526e-01 1.963661401595195310e-01
2.070000000000000000e+02 2.190739999999999910e-01 1.949797341095873826e-01
2.080000000000000000e+02 2.228679999999999550e-01 1.936031165177556079e-01
2.090000000000000000e+02 2.220499999999999696e-01 1.922362182744642711e-01
2.100000000000000000e+02 2.216620000000000812e-01 1.908789707580885175e-01
2.110000000000000000e+02 2.194379999999999942e-01 1.895313058314933852e-01
2.120000000000000000e+02 2.192599999999999827e-01 1.881931558386134296e-01
2.130000000000000000e+02 2.159780000000000033e-01 1.868644536010559132e-01
2.140000000000000000e+02 2.069179999999999631e-01 1.855451324147285586e-01
2.150000000000000000e+02 2.030239999999999823e-01 1.842351260464907547e-01
2.160000000000000000e+02 2.027660000000000295e-01 1.829343687308284394e-01
2.170000000000000000e+02 1.981559999999999988e-01 1.816427951665524065e-01
2.180000000000000000e+02 1.951360000000000317e-01 1.803603405135204840e-01
2.190000000000000000e+02 1.922199999999999742e-01 1.790869403893817213e-01
2.200000000000000000e+02 1.932600000000000429e-01 1.778225308663448911e-01
2.210000000000000000e+02 1.933780000000000221e-01 1.765670484679686958e-01
2.220000000000000000e+02 1.872600000000000375e-01 1.753204301659752606e-01
2.230000000000000000e+02 1.879099999999999937e-01 1.740826133770860817e-01
2.240000000000000000e+02 1.910499999999999698e-01 1.728535359598799559e-01
2.250000000000000000e+02 1.844239999999999491e-01 1.716331362116734760e-01
2.260000000000000000e+02 1.884119999999999961e-01 1.704213528654235088e-01
2.270000000000000000e+02 1.857159999999999644e-01 1.692181250866510722e-01
2.280000000000000000e+02 1.876079999999999692e-01 1.680233924703877502e-01
2.290000000000000000e+02 1.844839999999999813e-01 1.668370950381428686e-01
2.300000000000000000e+02 1.845739999999999603e-01 1.656591732348925983e-01
2.310000000000000000e+02 1.817179999999999629e-01 1.644895679260901800e-01
2.320000000000000000e+02 1.812440000000000440e-01 1.633282203946969657e-01
2.330000000000000000e+02 1.808299999999999907e-01 1.621750723382351378e-01
2.340000000000000000e+02 1.773920000000000496e-01 1.610300658658602724e-01
2.350000000000000000e+02 1.775220000000000131e-01 1.598931434954554143e-01
2.360000000000000000e+02 1.761839999999999518e-01 1.587642481507453296e-01
2.370000000000000000e+02 1.755780000000000118e-01 1.576433231584308814e-01
2.380000000000000000e+02 1.761000000000000065e-01 1.565303122453441387e-01
2.390000000000000000e+02 1.731299999999999506e-01 1.554251595356232751e-01
2.400000000000000000e+02 1.755999999999998673e-01 1.543278095479073686e-01
2.410000000000000000e+02 1.773359999999999659e-01 1.532382071925512679e-01
2.420000000000000000e+02 1.743939999999999657e-01 1.521562977688597496e-01
2.430000000000000000e+02 1.720199999999999785e-01 1.510820269623415479e-01
2.440000000000000000e+02 1.746599999999999819e-01 1.500153408419826750e-01
2.450000000000000000e+02 1.698920000000000707e-01 1.489561858575387532e-01
2.460000000000000000e+02 1.702220000000000122e-01 1.479045088368469429e-01
2.470000000000000000e+02 1.681719999999999882e-01 1.468602569831563287e-01
2.480000000000000000e+02 1.681599999999999762e-01 1.458233778724774277e-01
2.490000000000000000e+02 1.673299999999999788e-01 1.447938194509506282e-01
2.500000000000000000e+02 1.638320000000000332e-01 1.437715300322325584e-01
2.510000000000000000e+02 1.625540000000000040e-01 1.427564582949015781e-01
2.520000000000000000e+02 1.619540000000000424e-01 1.417485532798813674e-01
2.530000000000000000e+02 1.611260000000000470e-01 1.407477643878823625e-01
2.540000000000000000e+02 1.558540000000000203e-01 1.397540413768618983e-01
2.550000000000000000e+02 1.528800000000000436e-01 1.387673343595016151e-01
2.560000000000000000e+02 1.447660000000000613e-01 1.377875938007031564e-01
2.570000000000000000e+02 1.436980000000000202e-01 1.368147705151015470e-01
2.580000000000000000e+02 1.430659999999999710e-01 1.358488156645955847e-01
2.590000000000000000e+02 1.419939999999999258e-01 1.348896807558963573e-01
2.600000000000000000e+02 1.377719999999999778e-01 1.339373176380926900e-01
2.610000000000000000e+02 1.381959999999999855e-01 1.329916785002336899e-01
2.620000000000000000e+02 1.368340000000000112e-01 1.320527158689288605e-01
2.630000000000000000e+02 1.396740000000000759e-01 1.311203826059643973e-01
2.640000000000000000e+02 1.385700000000000542e-01 1.301946319059371082e-01
2.650000000000000000e+02 1.384560000000000235e-01 1.292754172939044321e-01
2.660000000000000000e+02 1.381739999999999635e-01 1.283626926230513887e-01
2.670000000000000000e+02 1.370999999999999719e-01 1.274564120723739036e-01
2.680000000000000000e+02 1.397459999999999813e-01 1.265565301443783708e-01
2.690000000000000000e+02 1.389619999999999744e-01 1.256630016627977020e-01
2.700000000000000000e+02 1.327819999999999834e-01 1.247757817703233074e-01
2.710000000000000000e+02 1.321980000000000099e-01 1.238948259263531332e-01
2.720000000000000000e+02 1.318480000000000207e-01 1.230200899047556445e-01
2.730000000000000000e+02 1.298399999999999832e-01 1.221515297916495740e-01
2.740000000000000000e+02 1.288880000000000026e-01 1.212891019831992823e-01
2.750000000000000000e+02 1.284560000000000146e-01 1.204327631834258422e-01
2.760000000000000000e+02 1.258100000000000052e-01 1.195824704020333196e-01
2.770000000000000000e+02 1.249379999999999658e-01 1.187381809522506937e-01
2.780000000000000000e+02 1.236279999999999879e-01 1.178998524486888771e-01
2.790000000000000000e+02 1.221319999999999628e-01 1.170674428052127097e-01
2.800000000000000000e+02 1.189339999999999842e-01 1.162409102328283428e-01
2.810000000000000000e+02 1.188600000000000073e-01 1.154202132375851536e-01
2.820000000000000000e+02 1.209520000000000040e-01 1.146053106184927728e-01
2.830000000000000000e+02 1.191559999999999980e-01 1.137961614654526415e-01
2.840000000000000000e+02 1.217779999999999557e-01 1.129927251572042102e-01
2.850000000000000000e+02 1.206519999999999537e-01 1.121949613592856110e-01
2.860000000000000000e+02 1.195839999999999542e-01 1.114028300220088752e-01
2.870000000000000000e+02 1.188199999999999812e-01 1.106162913784494162e-01
2.880000000000000000e+02 1.204039999999999833e-01 1.098353059424492795e-01
2.890000000000000000e+02 1.153380000000000238e-01 1.090598345066352698e-01
2.900000000000000000e+02 1.149020000000000319e-01 1.082898381404502758e-01
2.910000000000000000e+02 1.170500000000000429e-01 1.075252781881991249e-01
2.920000000000000000e+02 1.214979999999999949e-01 1.067661162671079550e-01
2.930000000000000000e+02 1.216499999999999942e-01 1.060123142653970757e-01
2.940000000000000000e+02 1.208540000000000031e-01 1.052638343403679566e-01
2.950000000000000000e+02 1.209439999999999960e-01 1.045206389165031780e-01
2.960000000000000000e+02 1.224559999999999815e-01 1.037826906835802449e-01
2.970000000000000000e+02 1.245699999999999863e-01 1.030499525947983497e-01
2.980000000000000000e+02 1.246980000000000172e-01 1.023223878649187901e-01
2.990000000000000000e+02 1.267060000000000408e-01 1.015999599684179466e-01
3.000000000000000000e+02 1.284020000000000161e-01 1.008826326376538324e-01
3.010000000000000000e+02 1.281980000000000064e-01 1.001703698610452581e-01
3.020000000000000000e+02 1.280200000000000504e-01 9.946313588126397265e-02
3.030000000000000000e+02 1.261580000000000479e-01 9.876089519343973777e-02
3.040000000000000000e+02 1.288080000000000058e-01 9.806361254337761513e-02
3.050000000000000000e+02 1.269680000000000808e-01 9.737125292578825697e-02
3.060000000000000000e+02 1.301800000000000179e-01 9.668378158253058963e-02
3.070000000000000000e+02 1.276179999999999815e-01 9.600116400086676494e-02
3.080000000000000000e+02 1.240839999999999860e-01 9.532336591172975437e-02
3.090000000000000000e+02 1.256479999999999542e-01 9.465035328800266989e-02
3.100000000000000000e+02 1.240739999999999760e-01 9.398209234281067193e-02
3.110000000000000000e+02 1.196399999999999825e-01 9.331854952782479840e-02
3.120000000000000000e+02 1.194620000000000126e-01 9.265969153157768701e-02
3.130000000000000000e+02 1.190779999999999617e-01 9.200548527779142671e-02
3.140000000000000000e+02 1.149959999999999316e-01 9.135589792371677509e-02
3.150000000000000000e+02 1.126959999999999906e-01 9.071089685848456041e-02
3.160000000000000000e+02 1.100079999999999808e-01 9.007044970146853291e-02
3.170000000000000000e+02 1.094379999999999797e-01 8.943452430065967906e-02
3.180000000000000000e+02 1.095400000000000124e-01 8.880308873105220713e-02
3.190000000000000000e+02 1.055999999999999994e-01 8.817611129304084305e-02
3.200000000000000000e+02 1.033640000000000114e-01 8.755356051082933966e-02
3.210000000000000000e+02 1.027740000000000181e-01 8.693540513085033783e-02
3.220000000000000000e+02 1.038019999999999915e-01 8.632161412019644098e-02
3.230000000000000000e+02 1.039519999999999889e-01 8.571215666506218356e-02
3.240000000000000000e+02 1.021320000000000006e-01 8.510700216919725447e-02
3.250000000000000000e+02 1.018680000000000002e-01 8.450612025237028146e-02
3.260000000000000000e+02 1.011619999999999742e-01 8.390948074884382879e-02
3.270000000000000000e+02 1.005760000000000126e-01 8.331705370585992809e-02
3.280000000000000000e+02 9.883400000000001906e-02 8.272880938213642010e-02
3.290000000000000000e+02 9.843000000000001748e-02 8.214471824637388508e-02
3.300000000000000000e+02 9.617799999999998573e-02 8.156475097577299549e-02
3.310000000000000000e+02 9.579600000000000615e-02 8.098887845456256840e-02
3.320000000000000000e+02 9.236599999999997590e-02 8.041707177253779038e-02
3.330000000000000000e+02 9.009199999999997766e-02 7.984930222360887841e-02
3.340000000000000000e+02 8.919599999999996975e-02 7.928554130436005210e-02
3.350000000000000000e+02 9.143799999999999151e-02 7.872576071261844222e-02
3.360000000000000000e+02 9.192200000000003146e-02 7.816993234603333840e-02
3.370000000000000000e+02 9.058800000000001573e-02 7.761802830066538705e-02
3.380000000000000000e+02 9.574400000000002353e-02 7.707002086958567033e-02
3.390000000000000000e+02 9.352199999999999402e-02 7.652588254148495750e-02
3.400000000000000000e+02 8.912200000000002065e-02 7.598558599929225443e-02
3.410000000000000000e+02 9.267399999999997862e-02 7.544910411880369205e-02
3.420000000000000000e+02 9.173800000000000010e-02 7.491640996732067126e-02
3.430000000000000000e+02 8.807000000000002327e-02 7.438747680229783332e-02
3.440000000000000000e+02 8.679799999999998628e-02 7.386227807000050882e-02
3.450000000000000000e+02 8.215999999999999692e-02 7.334078740417168674e-02
3.460000000000000000e+02 7.865399999999998781e-02 7.282297862470832328e-02
3.470000000000000000e+02 7.513000000000001621e-02 7.230882573634703214e-02
3.480000000000000000e+02 7.672600000000000253e-02 7.179830292735905894e-02
3.490000000000000000e+02 7.641599999999999782e-02 7.129138456825449832e-02
3.500000000000000000e+02 7.570000000000001728e-02 7.078804521049568421e-02
3.510000000000000000e+02 7.495000000000001661e-02 7.028825958521946193e-02
3.520000000000000000e+02 7.378600000000003212e-02 6.979200260196874450e-02
3.530000000000000000e+02 7.553000000000001379e-02 6.929924934743286746e-02
3.540000000000000000e+02 7.790600000000001690e-02 6.880997508419686715e-02
3.550000000000000000e+02 7.349000000000001365e-02 6.832415524949972396e-02
3.560000000000000000e+02 7.268000000000000849e-02 6.784176545400107117e-02
3.570000000000000000e+02 7.207199999999999718e-02 6.736278148055686865e-02
3.580000000000000000e+02 7.361199999999999688e-02 6.688717928300369486e-02
3.590000000000000000e+02 7.366799999999999737e-02 6.641493498495144865e-02
3.600000000000000000e+02 7.118399999999996952e-02 6.594602487858491902e-02
3.610000000000000000e+02 7.100599999999998579e-02 6.548042542347327910e-02
3.620000000000000000e+02 7.378400000000000236e-02 6.501811324538855907e-02
3.630000000000000000e+02 7.152000000000000024e-02 6.455906513513209877e-02
3.640000000000000000e+02 6.371000000000001662e-02 6.410325804736941024e-02
3.650000000000000000e+02 6.130400000000000432e-02 6.365066909947315887e-02
3.660000000000000000e+02 6.068200000000000677e-02 6.320127557037465149e-02
3.670000000000000000e+02 5.720599999999999991e-02 6.275505489942284632e-02
3.680000000000000000e+02 5.388200000000001322e-02 6.231198468525197404e-02
3.690000000000000000e+02 5.039600000000000329e-02 6.187204268465688189e-02
3.700000000000000000e+02 5.153599999999999154e-02 6.143520681147634360e-02
3.710000000000000000e+02 5.142599999999999949e-02 6.100145513548437676e-02
3.720000000000000000e+02 5.231000000000000927e-02 6.057076588128913752e-02
3.730000000000000000e+02 4.850600000000000050e-02 6.014311742723984361e-02
3.740000000000000000e+02 4.882400000000001322e-02 5.971848830434131616e-02
3.750000000000000000e+02 4.565600000000000214e-02 5.929685719517611281e-02
3.760000000000000000e+02 4.382999999999999396e-02 5.887820293283448775e-02
3.770000000000000000e+02 4.313999999999999085e-02 5.846250449985156833e-02
3.780000000000000000e+02 4.196399999999998742e-02 5.804974102715237949e-02
3.790000000000000000e+02 4.491800000000001347e-02 5.763989179300406385e-02
3.800000000000000000e+02 4.247599999999999987e-02 5.723293622197565128e-02
3.810000000000000000e+02 3.859200000000000130e-02 5.682885388390519071e-02
3.820000000000000000e+02 3.712600000000001316e-02 5.642762449287396648e-02
3.830000000000000000e+02 3.671199999999999464e-02 5.602922790618814625e-02
3.840000000000000000e+02 3.760399999999999854e-02 5.563364412336761766e-02
3.850000000000000000e+02 3.668400000000000133e-02 5.524085328514188181e-02
3.860000000000000000e+02 3.595400000000000679e-02 5.485083567245302438e-02
3.870000000000000000e+02 3.558800000000000158e-02 5.446357170546590326e-02
3.880000000000000000e+02 3.760600000000000054e-02 5.407904194258503217e-02
3.890000000000000000e+02 3.987999999999999184e-02 5.369722707947865298e-02
3.900000000000000000e+02 4.007600000000000051e-02 5.331810794810959431e-02
3.910000000000000000e+02 3.831999999999999990e-02 5.294166551577299262e-02
3.920000000000000000e+02 4.081400000000000305e-02 5.256788088414083432e-02
3.930000000000000000e+02 4.122200000000000863e-02 5.219673528831315912e-02
3.940000000000000000e+02 4.291600000000000970e-02 5.182821009587601502e-02
3.950000000000000000e+02 4.303600000000000481e-02 5.146228680596612315e-02
3.960000000000000000e+02 4.112999999999999295e-02 5.109894704834201662e-02
3.970000000000000000e+02 4.467200000000001725e-02 5.073817258246193090e-02
3.980000000000000000e+02 4.538000000000001061e-02 5.037994529656791842e-02
3.990000000000000000e+02 4.334799999999999764e-02 5.002424720677670772e-02
4.000000000000000000e+02 4.302399999999998587e-02 4.967106045617684928e-02
4.010000000000000000e+02 4.472600000000000880e-02 4.932036731393220352e-02
4.020000000000000000e+02 4.389799999999999258e-02 4.897215017439193047e-02
4.030000000000000000e+02 4.356600000000000056e-02 4.862639155620648163e-02
4.040000000000000000e+02 4.538000000000000367e-02 4.828307410145012829e-02
4.050000000000000000e+02 4.213599999999999290e-02 4.794218057474947808e-02
4.060000000000000000e+02 3.758000000000000229e-02 4.760369386241822265e-02
4.070000000000000000e+02 3.738600000000000256e-02 4.726759697159801238e-02
4.080000000000000000e+02 3.314199999999998397e-02 4.693387302940541655e-02
4.090000000000000000e+02 3.231999999999999457e-02 4.660250528208473991e-02
4.100000000000000000e+02 3.193999999999999617e-02 4.627347709416704952e-02
4.110000000000000000e+02 3.189000000000000168e-02 4.594677194763498868e-02
4.120000000000000000e+02 3.310599999999999654e-02 4.562237344109353054e-02
4.130000000000000000e+02 3.154399999999999565e-02 4.530026528894665755e-02
4.140000000000000000e+02 3.147399999999998810e-02 4.498043132057966131e-02
4.150000000000000000e+02 3.129200000000000037e-02 4.466285547954744473e-02
4.160000000000000000e+02 3.131799999999998474e-02 4.434752182276838206e-02
4.170000000000000000e+02 3.180199999999998306e-02 4.403441451972395920e-02
4.180000000000000000e+02 3.159799999999997333e-02 4.372351785166411764e-02
4.190000000000000000e+02 3.404999999999998306e-02 4.341481621081798997e-02
4.200000000000000000e+02 3.376199999999998647e-02 4.310829409961045022e-02
4.210000000000000000e+02 3.153399999999998565e-02 4.280393612988408342e-02
4.220000000000000000e+02 3.114199999999998913e-02 4.250172702212662301e-02
4.230000000000000000e+02 3.139999999999999042e-02 4.220165160470397414e-02
4.240000000000000000e+02 3.162199999999999039e-02 4.190369481309844796e-02
4.250000000000000000e+02 3.169999999999999901e-02 4.160784168915255404e-02
4.260000000000000000e+02 3.444399999999998851e-02 4.131407738031804555e-02
4.270000000000000000e+02 3.359599999999999392e-02 4.102238713891029342e-02
4.280000000000000000e+02 3.108999999999999611e-02 4.073275632136788560e-02
4.290000000000000000e+02 3.010200000000000375e-02 4.044517038751756915e-02
4.300000000000000000e+02 2.897199999999999429e-02 4.015961489984418847e-02
4.310000000000000000e+02 2.881000000000000574e-02 3.987607552276593859e-02
4.320000000000000000e+02 3.186999999999999555e-02 3.959453802191469779e-02
4.330000000000000000e+02 2.971000000000000377e-02 3.931498826342139791e-02
4.340000000000000000e+02 2.739400000000000862e-02 3.903741221320651544e-02
4.350000000000000000e+02 2.686799999999999952e-02 3.876179593627548242e-02
4.360000000000000000e+02 2.649399999999998978e-02 3.848812559601910016e-02
4.370000000000000000e+02 2.615800000000000416e-02 3.821638745351895600e-02
4.380000000000000000e+02 2.572599999999999887e-02 3.794656786685766947e-02
4.390000000000000000e+02 2.529800000000000104e-02 3.767865329043407208e-02
4.400000000000000000e+02 2.522000000000000283e-02 3.741263027428313320e-02
4.410000000000000000e+02 2.510999999999999691e-02 3.714848546340073637e-02
4.420000000000000000e+02 2.597799999999999415e-02 3.688620559707329188e-02
4.430000000000000000e+02 2.785800000000000082e-02 3.662577750821192218e-02
4.440000000000000000e+02 2.751200000000000867e-02 3.636718812269155998e-02
4.450000000000000000e+02 2.713600000000000040e-02 3.611042445869448725e-02
4.460000000000000000e+02 2.706999999999999684e-02 3.585547362605865512e-02
4.470000000000000000e+02 2.606200000000000183e-02 3.560232282563059736e-02
4.480000000000000000e+02 2.609400000000000955e-02 3.535095934862282629e-02
4.490000000000000000e+02 2.753600000000000492e-02 3.510137057597583626e-02
4.500000000000000000e+02 3.067000000000000282e-02 3.485354397772467971e-02
4.510000000000000000e+02 3.223200000000001064e-02 3.460746711236978301e-02
4.520000000000000000e+02 2.997400000000000758e-02 3.436312762625246681e-02
4.530000000000000000e+02 3.004400000000000126e-02 3.412051325293471993e-02
4.540000000000000000e+02 3.168400000000000383e-02 3.387961181258336563e-02
4.550000000000000000e+02 3.346400000000000069e-02 3.364041121135873114e-02
4.560000000000000000e+02 3.019199999999999662e-02 3.340289944080732099e-02
4.570000000000000000e+02 2.807599999999999332e-02 3.316706457725909774e-02
4.580000000000000000e+02 2.846799999999998637e-02 3.293289478122884278e-02
4.590000000000000000e+02 2.845399999999999319e-02 3.270037829682177072e-02
4.600000000000000000e+02 2.840399999999998829e-02 3.246950345114341108e-02
4.610000000000000000e+02 2.826399999999998358e-02 3.224025865371351468e-02
4.620000000000000000e+02 2.813199999999998341e-02 3.201263239588426207e-02
4.630000000000000000e+02 2.723399999999999085e-02 3.178661325026244100e-02
4.640000000000000000e+02 2.687199999999999658e-02 3.156218987013580113e-02
4.650000000000000000e+02 2.782999999999999363e-02 3.133935098890344023e-02
4.660000000000000000e+02 2.615800000000000070e-02 3.111808541951012475e-02
4.670000000000000000e+02 2.734199999999999825e-02 3.089838205388473202e-02
4.680000000000000000e+02 2.963999999999999968e-02 3.068022986238255756e-02
4.690000000000000000e+02 2.852000000000000021e-02 3.046361789323165370e-02
4.700000000000000000e+02 2.546600000000000599e-02 3.024853527198293965e-02
4.710000000000000000e+02 2.524800000000000655e-02 3.003497120096440196e-02
4.720000000000000000e+02 2.533200000000000382e-02 2.982291495873888934e-02
4.730000000000000000e+02 2.546600000000000599e-02 2.961235589956595984e-02
4.740000000000000000e+02 2.548800000000000718e-02 2.940328345286739864e-02
4.750000000000000000e+02 2.506000000000000241e-02 2.919568712269656266e-02
4.760000000000000000e+02 2.560800000000000923e-02 2.898955648721148609e-02
4.770000000000000000e+02 2.505600000000000882e-02 2.878488119815161839e-02
4.780000000000000000e+02 2.465400000000000230e-02 2.858165098031835091e-02
4.790000000000000000e+02 2.443400000000000086e-02 2.837985563105919345e-02
4.800000000000000000e+02 2.420000000000000276e-02 2.817948501975552425e-02
4.810000000000000000e+02 2.396800000000000319e-02 2.798052908731409397e-02
4.820000000000000000e+02 2.432400000000000881e-02 2.778297784566192974e-02
4.830000000000000000e+02 2.458000000000000115e-02 2.758682137724498967e-02
4.840000000000000000e+02 2.490799999999999959e-02 2.739204983453023823e-02
4.850000000000000000e+02 2.480200000000000460e-02 2.719865343951128125e-02
4.860000000000000000e+02 2.487000000000000668e-02 2.700662248321752251e-02
4.870000000000000000e+02 2.461800000000000099e-02 2.681594732522668903e-02
4.880000000000000000e+02 2.429799999999999668e-02 2.662661839318089529e-02
4.890000000000000000e+02 2.423400000000000554e-02 2.643862618230608322e-02
4.900000000000000000e+02 2.342000000000000678e-02 2.625196125493484481e-02
4.910000000000000000e+02 2.345799999999999969e-02 2.606661424003268307e-02
4.920000000000000000e+02 2.329200000000000020e-02 2.588257583272747173e-02
4.930000000000000000e+02 2.318999999999999881e-02 2.569983679384240174e-02
4.940000000000000000e+02 2.476999999999998994e-02 2.551838794943211627e-02
4.950000000000000000e+02 2.416199999999999598e-02 2.533822019032217626e-02
4.960000000000000000e+02 2.484000000000000444e-02 2.515932447165173530e-02
4.970000000000000000e+02 2.471399999999999639e-02 2.498169181241950351e-02
4.980000000000000000e+02 2.435199999999999865e-02 2.480531329503283047e-02
4.990000000000000000e+02 2.439199999999999702e-02 2.463018006486005634e-02
5.000000000000000000e+02 2.441599999999999673e-02 2.445628332978597164e-02
5.010000000000000000e+02 2.443399999999999739e-02 2.428361435977042376e-02
5.020000000000000000e+02 2.413999999999999826e-02 2.411216448641009813e-02
5.030000000000000000e+02 2.419800000000000076e-02 2.394192510250326908e-02
5.040000000000000000e+02 2.435800000000000118e-02 2.377288766161774272e-02
5.050000000000000000e+02 2.450200000000000294e-02 2.360504367766180084e-02
5.060000000000000000e+02 2.559400000000000217e-02 2.343838472445815627e-02
5.070000000000000000e+02 2.556200000000000486e-02 2.327290243532098915e-02
5.080000000000000000e+02 2.538600000000000578e-02 2.310858850263586284e-02
5.090000000000000000e+02 2.500400000000000539e-02 2.294543467744267207e-02
5.100000000000000000e+02 2.947200000000000167e-02 2.278343276902155753e-02
5.110000000000000000e+02 2.996400000000000105e-02 2.262257464448167582e-02
5.120000000000000000e+02 2.948400000000000326e-02 2.246285222835294262e-02
5.130000000000000000e+02 2.937400000000000774e-02 2.230425750218058972e-02
5.140000000000000000e+02 2.939399999999998958e-02 2.214678250412263627e-02
5.150000000000000000e+02 2.933399999999999203e-02 2.199041932855018422e-02
5.160000000000000000e+02 2.882400000000000240e-02 2.183516012565053788e-02
5.170000000000000000e+02 2.904599999999999890e-02 2.168099710103310943e-02
5.180000000000000000e+02 3.037000000000000810e-02 2.152792251533816245e-02
5.190000000000000000e+02 2.980999999999999969e-02 2.137592868384822348e-02
5.200000000000000000e+02 2.958600000000000466e-02 2.122500797610231763e-02
5.210000000000000000e+02 2.952000000000000110e-02 2.107515281551291045e-02
5.220000000000000000e+02 2.928200000000000941e-02 2.092635567898551430e-02
5.230000000000000000e+02 2.871000000000000288e-02 2.077860909654105637e-02
5.240000000000000000e+02 2.849399999999999156e-02 2.063190565094082454e-02
5.250000000000000000e+02 2.845399999999999319e-02 2.048623797731411247e-02
5.260000000000000000e+02 2.799400000000000499e-02 2.034159876278850143e-02
5.270000000000000000e+02 2.759800000000000100e-02 2.019798074612271996e-02
5.280000000000000000e+02 2.874000000000000166e-02 2.005537671734215072e-02
5.290000000000000000e+02 2.961000000000000437e-02 1.991377951737679716e-02
5.300000000000000000e+02 3.054399999999999823e-02 1.977318203770194946e-02
5.310000000000000000e+02 3.057599999999999554e-02 1.963357721998128247e-02
5.320000000000000000e+02 3.096399999999998806e-02 1.949495805571252807e-02
5.330000000000000000e+02 3.087599999999999373e-02 1.935731758587563162e-02
5.340000000000000000e+02 3.203999999999999210e-02 1.922064890058337513e-02
5.350000000000000000e+02 3.177199999999999469e-02 1.908494513873449858e-02
5.360000000000000000e+02 3.299000000000000543e-02 1.895019948766924270e-02
5.370000000000000000e+02 3.400800000000000350e-02 1.881640518282736221e-02
5.380000000000000000e+02 3.028799999999999895e-02 1.868355550740849122e-02
5.390000000000000000e+02 3.163600000000000440e-02 1.855164379203499275e-02
5.400000000000000000e+02 3.096799999999999900e-02 1.842066341441709124e-02
5.410000000000000000e+02 3.073200000000000931e-02 1.829060779902043701e-02
5.420000000000000000e+02 3.068800000000000347e-02 1.816147041673600582e-02
5.430000000000000000e+02 2.974799999999999667e-02 1.803324478455229848e-02
5.440000000000000000e+02 2.839399999999999563e-02 1.790592446522992764e-02
5.450000000000000000e+02 2.834000000000000061e-02 1.777950306697839364e-02
5.460000000000000000e+02 2.776200000000000195e-02 1.765397424313523006e-02
5.470000000000000000e+02 2.767800000000000121e-02 1.752933169184738363e-02
5.480000000000000000e+02 2.765199999999999950e-02 1.740556915575483532e-02
5.490000000000000000e+02 2.756600000000000716e-02 1.728268042167650440e-02
5.500000000000000000e+02 2.738000000000000503e-02 1.716065932029827573e-02
5.510000000000000000e+02 2.768600000000000227e-02 1.703949972586331005e-02
5.520000000000000000e+02 2.655599999999999627e-02 1.691919555586453294e-02
5.530000000000000000e+02 2.628399999999999487e-02 1.679974077073924724e-02
5.540000000000000000e+02 2.600999999999999840e-02 1.668112937356596576e-02
5.550000000000000000e+02 2.543200000000000668e-02 1.656335540976331885e-02
5.560000000000000000e+02 3.001000000000000889e-02 1.644641296679113379e-02
5.570000000000000000e+02 2.929200000000000553e-02 1.633029617385361315e-02
5.580000000000000000e+02 2.593799999999999925e-02 1.621499920160461572e-02
5.590000000000000000e+02 2.581999999999998879e-02 1.610051626185498089e-02
5.600000000000000000e+02 2.559799999999999229e-02 1.598684160728197634e-02
5.610000000000000000e+02 2.561399999999999441e-02 1.587396953114075457e-02
5.620000000000000000e+02 2.539599999999999497e-02 1.576189436697785634e-02
5.630000000000000000e+02 2.537000000000000019e-02 1.565061048834675769e-02
5.640000000000000000e+02 2.462399999999999659e-02 1.554011230852537541e-02
5.650000000000000000e+02 2.462799999999999365e-02 1.543039428023566285e-02
5.660000000000000000e+02 2.409799999999999789e-02 1.532145089536503246e-02
5.670000000000000000e+02 2.398400000000000185e-02 1.521327668468991888e-02
5.680000000000000000e+02 2.405999999999999805e-02 1.510586621760119132e-02
5.690000000000000000e+02 2.396600000000000119e-02 1.499921410183145502e-02
5.700000000000000000e+02 2.384999999999999620e-02 1.489331498318445697e-02
5.710000000000000000e+02 2.312799999999999578e-02 1.478816354526618637e-02
5.720000000000000000e+02 2.508799999999999919e-02 1.468375450921807247e-02
5.730000000000000000e+02 2.445400000000000351e-02 1.458008263345191360e-02
5.740000000000000000e+02 2.443000000000000380e-02 1.447714271338672830e-02
5.750000000000000000e+02 2.405600000000000099e-02 1.437492958118753890e-02
5.760000000000000000e+02 2.365400000000000141e-02 1.427343810550583958e-02
5.770000000000000000e+02 2.318600000000000522e-02 1.417266319122208879e-02
5.780000000000000000e+02 2.316200000000000203e-02 1.407259977918986008e-02
5.790000000000000000e+02 2.432600000000000387e-02 1.397324284598184911e-02
5.800000000000000000e+02 2.425800000000000525e-02 1.387458740363775762e-02
5.810000000000000000e+02 2.422199999999999701e-02 1.377662849941378720e-02
5.820000000000000000e+02 2.424199999999999619e-02 1.367936121553408983e-02
5.830000000000000000e+02 2.402199999999999822e-02 1.358278066894384566e-02
5.840000000000000000e+02 2.385800000000000073e-02 1.348688201106408580e-02
5.850000000000000000e+02 2.387999999999999845e-02 1.339166042754836271e-02
5.860000000000000000e+02 2.437800000000000036e-02 1.329711113804097136e-02
5.870000000000000000e+02 2.386599999999999486e-02 1.320322939593703525e-02
5.880000000000000000e+02 2.365399999999999447e-02 1.311001048814418486e-02
5.890000000000000000e+02 2.517599999999999352e-02 1.301744973484591540e-02
5.900000000000000000e+02 2.500799999999999551e-02 1.292554248926673297e-02
5.910000000000000000e+02 2.627399999999999874e-02 1.283428413743877353e-02
5.920000000000000000e+02 2.648599999999999566e-02 1.274367009797026939e-02
5.930000000000000000e+02 2.622800000000000825e-02 1.265369582181545896e-02
5.940000000000000000e+02 2.589600000000000235e-02 1.256435679204629188e-02
5.950000000000000000e+02 2.548800000000000371e-02 1.247564852362564002e-02
5.960000000000000000e+02 2.536000000000000060e-02 1.238756656318209040e-02
5.970000000000000000e+02 2.568399999999999850e-02 1.230010648878647125e-02
5.980000000000000000e+02 2.550399999999999889e-02 1.221326390972976052e-02
5.990000000000000000e+02 2.532999999999999835e-02 1.212703446630273435e-02
6.000000000000000000e+02 2.496200000000000849e-02 1.204141382957707972e-02
6.010000000000000000e+02 2.504200000000000523e-02 1.195639770118803180e-02
6.020000000000000000e+02 2.491800000000000612e-02 1.187198181311865594e-02
6.030000000000000000e+02 2.466800000000000589e-02 1.178816192748550866e-02
6.040000000000000000e+02 2.455600000000000491e-02 1.170493383632595016e-02
6.050000000000000000e+02 2.460600000000000634e-02 1.162229336138686890e-02
6.060000000000000000e+02 2.288200000000000303e-02 1.154023635391488410e-02
6.070000000000000000e+02 2.224199999999999788e-02 1.145875869444815294e-02
6.080000000000000000e+02 2.242599999999999455e-02 1.137785629260947007e-02
6.090000000000000000e+02 2.111599999999999241e-02 1.129752508690099431e-02
6.100000000000000000e+02 2.216599999999999820e-02 1.121776104450032847e-02
6.110000000000000000e+02 2.192600000000000451e-02 1.113856016105802156e-02
6.120000000000000000e+02 2.251600000000000129e-02 1.105991846049661845e-02
6.130000000000000000e+02 2.078799999999999745e-02 1.098183199481096717e-02
6.140000000000000000e+02 2.191399999999999251e-02 1.090429684387009095e-02
6.150000000000000000e+02 2.198999999999999566e-02 1.082730911522035780e-02
6.160000000000000000e+02 2.204799999999999816e-02 1.075086494389003618e-02
6.170000000000000000e+02 2.170599999999999960e-02 1.067496049219534074e-02
6.180000000000000000e+02 2.144200000000000272e-02 1.059959194954768896e-02
6.190000000000000000e+02 2.131199999999999414e-02 1.052475553226246696e-02
6.200000000000000000e+02 2.140999999999999848e-02 1.045044748336905124e-02
6.210000000000000000e+02 2.104999999999999580e-02 1.037666407242217315e-02
6.220000000000000000e+02 2.095199999999999840e-02 1.030340159531470401e-02
6.230000000000000000e+02 2.101999999999999355e-02 1.023065637409162690e-02
6.240000000000000000e+02 2.063999999999999516e-02 1.015842475676546029e-02
6.250000000000000000e+02 2.179599999999999593e-02 1.008670311713289088e-02
6.260000000000000000e+02 2.159199999999999314e-02 1.001548785459270390e-02
6.270000000000000000e+02 2.189200000000000174e-02 9.944775393965078758e-03
6.280000000000000000e+02 2.348999999999999005e-02 9.874562185312046880e-03
6.290000000000000000e+02 2.346599999999999728e-02 9.804844703759333854e-03
6.300000000000000000e+02 2.353799999999999643e-02 9.735619449319367347e-03
6.310000000000000000e+02 2.354999999999999455e-02 9.666882946715561753e-03
6.320000000000000000e+02 2.419200000000000170e-02 9.598631745207884813e-03
6.330000000000000000e+02 2.488800000000000040e-02 9.530862418419583024e-03
6.340000000000000000e+02 2.396000000000000213e-02 9.463571564165213293e-03
6.350000000000000000e+02 2.326800000000000049e-02 9.396755804279791763e-03
6.360000000000000000e+02 2.390400000000000164e-02 9.330411784449252344e-03
6.370000000000000000e+02 2.394600000000000201e-02 9.264536174042032821e-03
6.380000000000000000e+02 2.340199999999999919e-02 9.199125665941837102e-03
6.390000000000000000e+02 2.346999999999999434e-02 9.134176976381679428e-03
6.400000000000000000e+02 2.326600000000000543e-02 9.069686844778948598e-03
6.410000000000000000e+02 2.358600000000000627e-02 9.005652033571794057e-03
6.420000000000000000e+02 2.334999999999999923e-02 8.942069328056552815e-03
6.430000000000000000e+02 2.370799999999999991e-02 8.878935536226352510e-03
6.440000000000000000e+02 2.430400000000000268e-02 8.816247488610906222e-03
6.450000000000000000e+02 2.361400000000000651e-02 8.754002038117349865e-03
6.460000000000000000e+02 2.403000000000000622e-02 8.692196059872292144e-03
6.470000000000000000e+02 2.355000000000000843e-02 8.630826451064922689e-03
6.480000000000000000e+02 2.332800000000000151e-02 8.569890130791216545e-03
6.490000000000000000e+02 2.351000000000000312e-02 8.509384039899321739e-03
6.500000000000000000e+02 2.343400000000000344e-02 8.449305140835923489e-03
6.510000000000000000e+02 2.327399999999999955e-02 8.389650417493788037e-03
6.520000000000000000e+02 2.269200000000000036e-02 8.330416875060354248e-03
6.530000000000000000e+02 2.170399999999999760e-02 8.271601539867334818e-03
6.540000000000000000e+02 2.066799999999999887e-02 8.213201459241502300e-03
6.550000000000000000e+02 2.007799999999999863e-02 8.155213701356385861e-03
6.560000000000000000e+02 2.032600000000000379e-02 8.097635355085149381e-03
6.570000000000000000e+02 1.962800000000000308e-02 8.040463529854414981e-03
6.580000000000000000e+02 1.949400000000000091e-02 7.983695355499130855e-03
6.590000000000000000e+02 1.910799999999999998e-02 7.927327982118530236e-03
6.600000000000000000e+02 1.887800000000000242e-02 7.871358579933011509e-03
6.610000000000000000e+02 1.881999999999999992e-02 7.815784339142107726e-03
6.620000000000000000e+02 1.742600000000000399e-02 7.760602469783426695e-03
6.630000000000000000e+02 1.761200000000000265e-02 7.705810201592554719e-03
6.640000000000000000e+02 1.651000000000000037e-02 7.651404783864031514e-03
6.650000000000000000e+02 1.585399999999999657e-02 7.597383485313209846e-03
6.660000000000000000e+02 1.578999999999999848e-02 7.543743593939182882e-03
6.670000000000000000e+02 1.816600000000000159e-02 7.490482416888610134e-03
6.680000000000000000e+02 1.844399999999999512e-02 7.437597280320517451e-03
6.690000000000000000e+02 1.816599999999999812e-02 7.385085529272101407e-03
6.700000000000000000e+02 1.797199999999999492e-02 7.332944527525402795e-03
6.710000000000000000e+02 1.787399999999999406e-02 7.281171657474995798e-03
6.720000000000000000e+02 1.926599999999999493e-02 7.229764319996563604e-03
6.730000000000000000e+02 1.879600000000000021e-02 7.178719934316400361e-03
6.740000000000000000e+02 2.188399999999999720e-02 7.128035937881887184e-03
6.750000000000000000e+02 2.418999999999999276e-02 7.077709786232798221e-03
6.760000000000000000e+02 2.307599999999999582e-02 7.027738952873612867e-03
6.770000000000000000e+02 2.281599999999999948e-02 6.978120929146649359e-03
6.780000000000000000e+02 2.280799999999999841e-02 6.928853224106112582e-03
6.790000000000000000e+02 2.264400000000000093e-02 6.879933364393085553e-03
6.800000000000000000e+02 2.259799999999999656e-02 6.831358894111311079e-03
6.810000000000000000e+02 2.281599999999999948e-02 6.783127374703945729e-03
6.820000000000000000e+02 2.259599999999999803e-02 6.735236384831093555e-03
6.830000000000000000e+02 2.240399999999999683e-02 6.687683520248288715e-03
6.840000000000000000e+02 2.221399999999999764e-02 6.640466393685780407e-03
6.850000000000000000e+02 2.209800000000000306e-02 6.593582634728665202e-03
6.860000000000000000e+02 2.223199999999999829e-02 6.547029889697934465e-03
6.870000000000000000e+02 2.195800000000000182e-02 6.500805821532257278e-03
6.880000000000000000e+02 2.173599999999999491e-02 6.454908109670702727e-03
6.890000000000000000e+02 2.175199999999999356e-02 6.409334449936222866e-03
6.900000000000000000e+02 2.143399999999999819e-02 6.364082554419957932e-03
6.910000000000000000e+02 2.140000000000000235e-02 6.319150151366420207e-03
6.920000000000000000e+02 2.172200000000000172e-02 6.274534985059398648e-03
6.930000000000000000e+02 2.336600000000000135e-02 6.230234815708760379e-03
6.940000000000000000e+02 2.711200000000000415e-02 6.186247419337984228e-03
6.950000000000000000e+02 2.614000000000000698e-02 6.142570587672500915e-03
6.960000000000000000e+02 2.562600000000000641e-02 6.099202128028867638e-03
6.970000000000000000e+02 2.539000000000000631e-02 6.056139863204648699e-03
6.980000000000000000e+02 2.506800000000000000e-02 6.013381631369149605e-03
6.990000000000000000e+02 2.512000000000000344e-02 5.970925285954873686e-03
7.000000000000000000e+02 2.538600000000000231e-02 5.928768695549742861e-03
7.010000000000000000e+02 2.461400000000000393e-02 5.886909743790133716e-03
7.020000000000000000e+02 2.668599999999999792e-02 5.845346329254584930e-03
7.030000000000000000e+02 2.638999999999999679e-02 5.804076365358341698e-03
7.040000000000000000e+02 2.546400000000000746e-02 5.763097780248588840e-03
7.050000000000000000e+02 2.555000000000000673e-02 5.722408516700416836e-03
7.060000000000000000e+02 2.551000000000000142e-02 5.682006532013589295e-03
7.070000000000000000e+02 2.501599999999999657e-02 5.641889797909946207e-03
7.080000000000000000e+02 2.507799999999999613e-02 5.602056300431616440e-03
7.090000000000000000e+02 2.557599999999999457e-02 5.562504039839901576e-03
7.100000000000000000e+02 2.573199999999999099e-02 5.523231030514862312e-03
7.110000000000000000e+02 2.539199999999999097e-02 5.484235300855676808e-03
7.120000000000000000e+02 2.567599999999999050e-02 5.445514893181615731e-03
7.130000000000000000e+02 2.481799999999999284e-02 5.407067863633802270e-03
7.140000000000000000e+02 2.597799999999999415e-02 5.368892282077605306e-03
7.150000000000000000e+02 3.058600000000000207e-02 5.330986232005733433e-03
7.160000000000000000e+02 3.076999999999999527e-02 5.293347810442049738e-03
7.170000000000000000e+02 3.130199999999998955e-02 5.255975127846003285e-03
7.180000000000000000e+02 3.095999999999999100e-02 5.218866308017800458e-03
7.190000000000000000e+02 3.024199999999999458e-02 5.182019488004202534e-03
7.200000000000000000e+02 2.942599999999999383e-02 5.145432818004987661e-03
7.210000000000000000e+02 2.823599999999999027e-02 5.109104461280116263e-03
7.220000000000000000e+02 3.082599999999999230e-02 5.073032594057485384e-03
7.230000000000000000e+02 3.073999999999999302e-02 5.037215405441410748e-03
7.240000000000000000e+02 3.069799999999998918e-02 5.001651097321677814e-03
7.250000000000000000e+02 3.040799999999999059e-02 4.966337884283299718e-03
7.260000000000000000e+02 3.005799999999999791e-02 4.931273993516877181e-03
7.270000000000000000e+02 2.964999999999999927e-02 4.896457664729585504e-03
7.280000000000000000e+02 2.944000000000000089e-02 4.861887150056827707e-03
7.290000000000000000e+02 2.928000000000000047e-02 4.827560713974460987e-03
7.300000000000000000e+02 2.870599999999999888e-02 4.793476633211696258e-03
7.310000000000000000e+02 2.818999999999998937e-02 4.759633196664570139e-03
7.320000000000000000e+02 2.798199999999999646e-02 4.726028705310034508e-03
7.330000000000000000e+02 3.052799999999999611e-02 4.692661472120687911e-03
7.340000000000000000e+02 3.013199999999999906e-02 4.659529821980052527e-03
7.350000000000000000e+02 3.249800000000000605e-02 4.626632091598506004e-03
7.360000000000000000e+02 3.227000000000000701e-02 4.593966629429766663e-03
7.370000000000000000e+02 3.162200000000000427e-02 4.561531795587972851e-03
7.380000000000000000e+02 3.236799999999999400e-02 4.529325961765384191e-03
7.390000000000000000e+02 3.225399999999999795e-02 4.497347511150600642e-03
7.400000000000000000e+02 3.297199999999999437e-02 4.465594838347429485e-03
7.410000000000000000e+02 3.275199999999999639e-02 4.434066349294270119e-03
7.420000000000000000e+02 3.214000000000000884e-02 4.402760461184086066e-03
7.430000000000000000e+02 3.163600000000000440e-02 4.371675602384964172e-03
7.440000000000000000e+02 3.128000000000000225e-02 4.340810212361183827e-03
7.450000000000000000e+02 2.916600000000000442e-02 4.310162741594908073e-03
7.460000000000000000e+02 2.863399999999999973e-02 4.279731651508376054e-03
7.470000000000000000e+02 2.816999999999998672e-02 4.249515414386651445e-03
7.480000000000000000e+02 2.774999999999999342e-02 4.219512513300958945e-03
7.490000000000000000e+02 2.695199999999999679e-02 4.189721442032495226e-03
7.500000000000000000e+02 2.659599999999998771e-02 4.160140704996842693e-03
7.510000000000000000e+02 2.992799999999999974e-02 4.130768817168875909e-03
7.520000000000000000e+02 2.984599999999999753e-02 4.101604304008194500e-03
7.530000000000000000e+02 2.942000000000000171e-02 4.072645701385130268e-03
7.540000000000000000e+02 2.919400000000000467e-02 4.043891555507210522e-03
7.550000000000000000e+02 3.041199999999999459e-02 4.015340422846199082e-03
7.560000000000000000e+02 2.980199999999999169e-02 3.986990870065619530e-03
7.570000000000000000e+02 2.944599999999999301e-02 3.958841473948787604e-03
7.580000000000000000e+02 2.950799999999999604e-02 3.930890821327383960e-03
7.590000000000000000e+02 3.078600000000000780e-02 3.903137509010483168e-03
7.600000000000000000e+02 2.998399999999999677e-02 3.875580143714135208e-03
7.610000000000000000e+02 2.925600000000000075e-02 3.848217341991409281e-03
7.620000000000000000e+02 2.876599999999999990e-02 3.821047730162928976e-03
7.630000000000000000e+02 2.984399999999999900e-02 3.794069944247935224e-03
7.640000000000000000e+02 2.917599999999999361e-02 3.767282629895784673e-03
7.650000000000000000e+02 2.909999999999999740e-02 3.740684442317984519e-03
7.660000000000000000e+02 2.855999999999999511e-02 3.714274046220652353e-03
7.670000000000000000e+02 2.741999999999998952e-02 3.688050115737507694e-03
7.680000000000000000e+02 2.715799999999999811e-02 3.662011334363297638e-03
7.690000000000000000e+02 2.698399999999999410e-02 3.636156394887696524e-03
7.700000000000000000e+02 2.690199999999999883e-02 3.610483999329703025e-03
7.710000000000000000e+02 2.657800000000000440e-02 3.584992858872453145e-03
7.720000000000000000e+02 2.648800000000000113e-02 3.559681693798540190e-03
7.730000000000000000e+02 2.636000000000000495e-02 3.534549233425760602e-03
7.740000000000000000e+02 2.644800000000000970e-02 3.509594216043313442e-03
7.750000000000000000e+02 2.594600000000000725e-02 3.484815388848479939e-03
7.760000000000000000e+02 2.531000000000000263e-02 3.460211507883708109e-03
7.770000000000000000e+02 2.190400000000000333e-02 3.435781337974180057e-03
7.780000000000000000e+02 2.190599999999999145e-02 3.411523652665799083e-03
7.790000000000000000e+02 2.374599999999999628e-02 3.387437234163603525e-03
7.800000000000000000e+02 2.316999999999998922e-02 3.363520873270658962e-03
7.810000000000000000e+02 2.447599999999999082e-02 3.339773369327322938e-03
7.820000000000000000e+02 2.516999999999999099e-02 3.316193530150993683e-03
7.830000000000000000e+02 2.480599999999999472e-02 3.292780171976248706e-03
7.840000000000000000e+02 2.263799999999999493e-02 3.269532119395409699e-03
7.850000000000000000e+02 2.119399999999999409e-02 3.246448205299554569e-03
7.860000000000000000e+02 2.089799999999998950e-02 3.223527270819899395e-03
7.870000000000000000e+02 2.074199999999999308e-02 3.200768165269646161e-03
7.880000000000000000e+02 2.005399999999999544e-02 3.178169746086201720e-03
7.890000000000000000e+02 1.934999999999999221e-02 3.155730878773812219e-03
7.900000000000000000e+02 2.153199999999999559e-02 3.133450436846627746e-03
7.910000000000000000e+02 2.173799999999999344e-02 3.111327301772128656e-03
7.920000000000000000e+02 2.445599999999999163e-02 3.089360362914990790e-03
7.930000000000000000e+02 2.424399999999999472e-02 3.067548517481321485e-03
7.940000000000000000e+02 2.404599999999999099e-02 3.045890670463286768e-03
7.950000000000000000e+02 2.228399999999998785e-02 3.024385734584160521e-03
7.960000000000000000e+02 2.208399999999999253e-02 3.003032630243717121e-03
7.970000000000000000e+02 2.328599999999999420e-02 2.981830285464053855e-03
7.980000000000000000e+02 2.323599999999999277e-02 2.960777635835763321e-03
7.990000000000000000e+02 2.346799999999999234e-02 2.939873624464494403e-03
8.000000000000000000e+02 2.428199999999999109e-02 2.919117201917907026e-03
8.010000000000000000e+02 2.361199999999999410e-02 2.898507326172971698e-03
8.020000000000000000e+02 2.446999999999999176e-02 2.878042962563671491e-03
8.030000000000000000e+02 2.617599999999999094e-02 2.857723083729054887e-03
8.040000000000000000e+02 2.507799999999999266e-02 2.837546669561650733e-03
8.050000000000000000e+02 2.435599999999999224e-02 2.817512707156272656e-03
8.060000000000000000e+02 2.639799999999999786e-02 2.797620190759152626e-03
8.070000000000000000e+02 2.588599999999999582e-02 2.777868121717464410e-03
8.080000000000000000e+02 2.534999999999998713e-02 2.758255508429173150e-03
8.090000000000000000e+02 2.502399999999999763e-02 2.738781366293270049e-03
8.100000000000000000e+02 2.553000000000000061e-02 2.719444717660335353e-03
8.110000000000000000e+02 2.528799999999999451e-02 2.700244591783451317e-03
8.120000000000000000e+02 2.540399999999999256e-02 2.681180024769485096e-03
8.130000000000000000e+02 2.320199999999999346e-02 2.662250059530680418e-03
8.140000000000000000e+02 2.277399999999999564e-02 2.643453745736624831e-03
8.150000000000000000e+02 2.256399999999999378e-02 2.624790139766533959e-03
8.160000000000000000e+02 2.286399999999999544e-02 2.606258304661873172e-03
8.170000000000000000e+02 2.279599999999999682e-02 2.587857310079336604e-03
8.180000000000000000e+02 2.287599999999999356e-02 2.569586232244121509e-03
8.190000000000000000e+02 2.291400000000000034e-02 2.551444153903568643e-03
8.200000000000000000e+02 2.285199999999999732e-02 2.533430164281110560e-03
8.210000000000000000e+02 2.303199999999999345e-02 2.515543359030536930e-03
8.220000000000000000e+02 2.296799999999999883e-02 2.497782840190612436e-03
8.230000000000000000e+02 2.264400000000000093e-02 2.480147716139978736e-03
8.240000000000000000e+02 2.147000000000000644e-02 2.462637101552408135e-03
8.250000000000000000e+02 2.088199999999999779e-02 2.445250117352352603e-03
8.260000000000000000e+02 1.969999999999999876e-02 2.427985890670803296e-03
8.270000000000000000e+02 2.047400000000000261e-02 2.410843554801486623e-03
8.280000000000000000e+02 2.056799999999999948e-02 2.393822249157337434e-03
8.290000000000000000e+02 2.063599999999999809e-02 2.376921119227309170e-03
8.300000000000000000e+02 2.031399999999999526e-02 2.360139316533468954e-03
8.310000000000000000e+02 1.905199999999999602e-02 2.343475998588395379e-03
8.320000000000000000e+02 1.907399999999999374e-02 2.326930328852898962e-03
8.330000000000000000e+02 1.923999999999999322e-02 2.310501476694009314e-03
8.340000000000000000e+02 1.913000000000000117e-02 2.294188617343289292e-03
8.350000000000000000e+02 1.912400000000000211e-02 2.277990931855423690e-03
8.360000000000000000e+02 1.930000000000000118e-02 2.261907607067098914e-03
8.370000000000000000e+02 1.859399999999999942e-02 2.245937835556197516e-03
8.380000000000000000e+02 1.873399999999999371e-02 2.230080815601242963e-03
8.390000000000000000e+02 1.854999999999999358e-02 2.214335751141169664e-03
8.400000000000000000e+02 1.735599999999999990e-02 2.198701851735349738e-03
8.410000000000000000e+02 1.625600000000000309e-02 2.183178332523907309e-03
8.420000000000000000e+02 1.624799999999999855e-02 2.167764414188327708e-03
8.430000000000000000e+02 1.600000000000000033e-02 2.152459322912321244e-03
8.440000000000000000e+02 1.572199999999999986e-02 2.137262290342986214e-03
8.450000000000000000e+02 1.570799999999999627e-02 2.122172553552233425e-03
8.460000000000000000e+02 1.647599999999999759e-02 2.107189354998476125e-03
8.470000000000000000e+02 1.628199999999999786e-02 2.092311942488615274e-03
8.480000000000000000e+02 1.736199999999999549e-02 2.077539569140260736e-03
8.490000000000000000e+02 1.732799999999999965e-02 2.062871493344250844e-03
8.500000000000000000e+02 1.763199999999999837e-02 2.048306978727415257e-03
8.510000000000000000e+02 1.765199999999999755e-02 2.033845294115601936e-03
8.520000000000000000e+02 1.695799999999999738e-02 2.019485713496982100e-03
8.530000000000000000e+02 1.662199999999999789e-02 2.005227515985590677e-03
8.540000000000000000e+02 1.549399999999999389e-02 1.991069985785148214e-03
8.550000000000000000e+02 1.625599999999999615e-02 1.977012412153112634e-03
8.560000000000000000e+02 1.630999999999999811e-02 1.963054089365010718e-03
8.570000000000000000e+02 1.590599999999999653e-02 1.949194316679003563e-03
8.580000000000000000e+02 1.585599999999999510e-02 1.935432398300702267e-03
8.590000000000000000e+02 1.413799999999999779e-02 1.921767643348250548e-03
8.600000000000000000e+02 1.406999999999999397e-02 1.908199365817624853e-03
8.610000000000000000e+02 1.416999999999999510e-02 1.894726884548209858e-03
8.620000000000000000e+02 1.387599999999999251e-02 1.881349523188595137e-03
8.630000000000000000e+02 1.362799999999999602e-02 1.868066610162617521e-03
8.640000000000000000e+02 1.458199999999999427e-02 1.854877478635656501e-03
8.650000000000000000e+02 1.399599999999999282e-02 1.841781466481145178e-03
8.660000000000000000e+02 1.397799999999999043e-02 1.828777916247340766e-03
8.670000000000000000e+02 1.347999999999999199e-02 1.815866175124314971e-03
8.680000000000000000e+02 1.295399999999999503e-02 1.803045594911175309e-03
8.690000000000000000e+02 1.384999999999999426e-02 1.790315531983536438e-03
8.700000000000000000e+02 1.369799999999999317e-02 1.777675347261194238e-03
8.710000000000000000e+02 1.419199999999999282e-02 1.765124406176054889e-03
8.720000000000000000e+02 1.401799999999999921e-02 1.752662078640272779e-03
8.730000000000000000e+02 1.480399999999999772e-02 1.740287739014613260e-03
8.740000000000000000e+02 1.473799999999999416e-02 1.728000766077056544e-03
8.750000000000000000e+02 1.432799999999999352e-02 1.715800542991596745e-03
8.760000000000000000e+02 1.479599999999999839e-02 1.703686457277286828e-03
8.770000000000000000e+02 1.539799999999999676e-02 1.691657900777486078e-03
8.780000000000000000e+02 1.483199999999999623e-02 1.679714269629323546e-03
8.790000000000000000e+02 1.494999999999999628e-02 1.667854964233395900e-03
8.800000000000000000e+02 1.500999999999999904e-02 1.656079389223649593e-03
8.810000000000000000e+02 1.489599999999999431e-02 1.644386953437507399e-03
8.820000000000000000e+02 1.504599999999999688e-02 1.632777069886182531e-03
8.830000000000000000e+02 1.542999999999999754e-02 1.621249155725207856e-03
8.840000000000000000e+02 1.545199999999999178e-02 1.609802632225184986e-03
8.850000000000000000e+02 1.465599999999999542e-02 1.598436924742719853e-03
8.860000000000000000e+02 1.496199999999999787e-02 1.587151462691583151e-03
8.870000000000000000e+02 1.553400000000000614e-02 1.575945679514062676e-03
8.880000000000000000e+02 1.532999999999999988e-02 1.564819012652515383e-03
8.890000000000000000e+02 1.575799999999999770e-02 1.553770903521135404e-03
8.900000000000000000e+02 1.556599999999999824e-02 1.542800797477901845e-03
8.910000000000000000e+02 1.510399999999999764e-02 1.531908143796742320e-03
8.920000000000000000e+02 1.514999999999999854e-02 1.521092395639882114e-03
8.930000000000000000e+02 1.498199999999999706e-02 1.510353010030387848e-03
8.940000000000000000e+02 1.487799999999999713e-02 1.499689447824916920e-03
8.950000000000000000e+02 1.472399999999999404e-02 1.489101173686641294e-03
8.960000000000000000e+02 1.445999999999999543e-02 1.478587656058383141e-03
8.970000000000000000e+02 1.438399999999999401e-02 1.468148367135918087e-03
8.980000000000000000e+02 1.486999999999999433e-02 1.457782782841487729e-03
8.990000000000000000e+02 1.469999999999999779e-02 1.447490382797486045e-03
9.000000000000000000e+02 1.527599999999999618e-02 1.437270650300330769e-03
9.010000000000000000e+02 1.598799999999999527e-02 1.427123072294532750e-03
9.020000000000000000e+02 1.634599999999999595e-02 1.417047139346929016e-03
9.030000000000000000e+02 1.629999999999999158e-02 1.407042345621117505e-03
9.040000000000000000e+02 1.611199999999999438e-02 1.397108188852058111e-03
9.050000000000000000e+02 1.589999999999999747e-02 1.387244170320854793e-03
9.060000000000000000e+02 1.563799999999999565e-02 1.377449794829726550e-03
9.070000000000000000e+02 1.542599999999999354e-02 1.367724570677138207e-03
9.080000000000000000e+02 1.491400000000000017e-02 1.358068009633124412e-03
9.090000000000000000e+02 1.463399999999999770e-02 1.348479626914774517e-03
9.100000000000000000e+02 1.442799999999999812e-02 1.338958941161893330e-03
9.110000000000000000e+02 1.449999999999999727e-02 1.329505474412842050e-03
9.120000000000000000e+02 1.466999999999999901e-02 1.320118752080536419e-03
9.130000000000000000e+02 1.462399999999999464e-02 1.310798302928627233e-03
9.140000000000000000e+02 1.415599999999999324e-02 1.301543659047840881e-03
9.150000000000000000e+02 1.423999999999999225e-02 1.292354355832484904e-03
9.160000000000000000e+02 1.435599999999999377e-02 1.283229931957132874e-03
9.170000000000000000e+02 1.394399999999999806e-02 1.274169929353454345e-03
9.180000000000000000e+02 1.439400000000000054e-02 1.265173893187227817e-03
9.190000000000000000e+02 1.462400000000000158e-02 1.256241371835501797e-03
9.200000000000000000e+02 1.467800000000000181e-02 1.247371916863921097e-03
9.210000000000000000e+02 1.443599999999999745e-02 1.238565083004220749e-03
9.220000000000000000e+02 1.613600000000000104e-02 1.229820428131863687e-03
9.230000000000000000e+02 1.605400000000000230e-02 1.221137513243852977e-03
9.240000000000000000e+02 1.649600000000000372e-02 1.212515902436689342e-03
9.250000000000000000e+02 1.630400000000000252e-02 1.203955162884485022e-03
9.260000000000000000e+02 1.640599999999999697e-02 1.195454864817241565e-03
9.270000000000000000e+02 1.691600000000000048e-02 1.187014581499266398e-03
9.280000000000000000e+02 1.811199999999999963e-02 1.178633889207756800e-03
9.290000000000000000e+02 1.886999999999999442e-02 1.170312367211524601e-03
9.300000000000000000e+02 1.872999999999999665e-02 1.162049597749872454e-03
9.310000000000000000e+02 2.032799999999999191e-02 1.153845166011626669e-03
9.320000000000000000e+02 1.959799999999999737e-02 1.145698660114305998e-03
9.330000000000000000e+02 1.961999999999999161e-02 1.137609671083450891e-03
9.340000000000000000e+02 2.068199999999999553e-02 1.129577792832087840e-03
9.350000000000000000e+02 1.979600000000000110e-02 1.121602622140341603e-03
9.360000000000000000e+02 1.994999999999999551e-02 1.113683758635198142e-03
9.370000000000000000e+02 2.383199999999999902e-02 1.105820804770398305e-03
9.380000000000000000e+02 2.354999999999999455e-02 1.098013365806486345e-03
9.390000000000000000e+02 2.218599999999999739e-02 1.090261049790986142e-03
9.400000000000000000e+02 2.252999999999999101e-02 1.082563467538730966e-03
9.410000000000000000e+02 2.370399999999999591e-02 1.074920232612323326e-03
9.420000000000000000e+02 2.314399999999999444e-02 1.067330961302729491e-03
9.430000000000000000e+02 2.434799999999999465e-02 1.059795272610025794e-03
9.440000000000000000e+02 2.441999999999998686e-02 1.052312788224262895e-03
9.450000000000000000e+02 2.393599999999998854e-02 1.044883132506479453e-03
9.460000000000000000e+02 2.497399999999998579e-02 1.037505932469843075e-03
9.470000000000000000e+02 2.457999999999999421e-02 1.030180817760920726e-03
9.480000000000000000e+02 2.741799999999999446e-02 1.022907420641093988e-03
9.490000000000000000e+02 2.693000000000000602e-02 1.015685375968089889e-03
9.500000000000000000e+02 2.649999999999999578e-02 1.008514321177656371e-03
9.510000000000000000e+02 2.706599999999999978e-02 1.001393896265357448e-03
9.520000000000000000e+02 2.928000000000000394e-02 9.943237437684976105e-04
9.530000000000000000e+02 2.847599999999999437e-02 9.873035087481836936e-04
9.540000000000000000e+02 2.836399999999999338e-02 9.803328387714966945e-04
9.550000000000000000e+02 3.022600000000000287e-02 9.734113838938077828e-04
9.560000000000000000e+02 2.916599999999999401e-02 9.665387966412049021e-04
9.570000000000000000e+02 2.969799999999999870e-02 9.597147319930479561e-04
9.580000000000000000e+02 2.881400000000000280e-02 9.529388473646531249e-04
9.590000000000000000e+02 2.861000000000000348e-02 9.462108025900876603e-04
9.600000000000000000e+02 2.930200000000000166e-02 9.395302599050990144e-04
9.610000000000000000e+02 2.869399999999999729e-02 9.328968839301547732e-04
9.620000000000000000e+02 2.852399999999999727e-02 9.263103416536042382e-04
9.630000000000000000e+02 2.811799999999999716e-02 9.197703024149658834e-04
9.640000000000000000e+02 2.734599999999999531e-02 9.132764378883207390e-04
9.650000000000000000e+02 2.845599999999999172e-02 9.068284220658353375e-04
9.660000000000000000e+02 2.851599999999999968e-02 9.004259312413932966e-04
9.670000000000000000e+02 2.651600000000000484e-02 8.940686439943410684e-04
9.680000000000000000e+02 2.589400000000000729e-02 8.877562411733590231e-04
9.690000000000000000e+02 2.673799999999999788e-02 8.814884058804309773e-04
9.700000000000000000e+02 2.693399999999999614e-02 8.752648234549426347e-04
9.710000000000000000e+02 2.816000000000000447e-02 8.690851814578809658e-04
9.720000000000000000e+02 2.765000000000000097e-02 8.629491696561474284e-04
9.730000000000000000e+02 2.651200000000000084e-02 8.568564800069887162e-04
9.740000000000000000e+02 2.639599999999999586e-02 8.508068066425261700e-04
9.750000000000000000e+02 2.665999999999999620e-02 8.447998458544060760e-04
9.760000000000000000e+02 2.700999999999999235e-02 8.388352960785496045e-04
9.770000000000000000e+02 2.683799999999999727e-02 8.329128578800125762e-04
9.780000000000000000e+02 2.740999999999999340e-02 8.270322339379571194e-04
9.790000000000000000e+02 2.725999999999998563e-02 8.211931290307204713e-04
9.800000000000000000e+02 2.625399999999999956e-02 8.153952500209984879e-04
9.810000000000000000e+02 2.583199999999999733e-02 8.096383058411280335e-04
9.820000000000000000e+02 2.550800000000000289e-02 8.039220074784713928e-04
9.830000000000000000e+02 2.557999999999998816e-02 7.982460679609136578e-04
9.840000000000000000e+02 2.734000000000000319e-02 7.926102023424490186e-04
9.850000000000000000e+02 2.727800000000000363e-02 7.870141276888819801e-04
9.860000000000000000e+02 2.660600000000000118e-02 7.814575630636180249e-04
9.870000000000000000e+02 2.718200000000000824e-02 7.759402295135639982e-04
9.880000000000000000e+02 2.883999999999999411e-02 7.704618500551228171e-04
9.890000000000000000e+02 2.867200000000000304e-02 7.650221496602854342e-04
9.900000000000000000e+02 2.797600000000000087e-02 7.596208552428290522e-04
9.910000000000000000e+02 2.897799999999999335e-02 7.542576956446017493e-04
9.920000000000000000e+02 2.831199999999999342e-02 7.489324016219145496e-04
9.930000000000000000e+02 2.790199999999999972e-02 7.436447058320227229e-04
9.940000000000000000e+02 2.737000000000000197e-02 7.383943428197027115e-04
9.950000000000000000e+02 2.737199999999999356e-02 7.331810490039294536e-04
9.960000000000000000e+02 2.723799999999999485e-02 7.280045626646402266e-04
9.970000000000000000e+02 2.752199999999999439e-02 7.228646239295984533e-04
9.980000000000000000e+02 2.688000000000000111e-02 7.177609747613469555e-04
9.990000000000000000e+02 2.688000000000000111e-02 7.126933589442513038e-04
