3.659600000000002296e-01
3.553625199999999595e-01
4.026716100000000687e-01
4.162049460000000756e-01
3.796346600000000127e-01
3.539297020000000127e-01
4.121233699999999334e-01
3.681086739999999691e-01
3.350950400000001217e-01
3.544875960000001824e-01
3.656052560000000451e-01
3.928962260000002371e-01
4.161487299999999667e-01
4.211884680000000936e-01
4.238820860000001023e-01
4.377111100000001809e-01
4.284208080000000973e-01
3.537330560000003232e-01
3.855774200000002816e-01
3.668749500000001440e-01
3.506240160000001493e-01
4.178472280000001260e-01
3.890289640000002547e-01
3.762326860000002604e-01
4.019973039999999997e-01
4.064777580000001334e-01
3.677405140000001849e-01
3.635381880000001509e-01
3.703151320000000468e-01
3.673424300000000531e-01
3.631206480000001569e-01
3.653644000000001446e-01
3.679225100000000914e-01
4.108246920000002134e-01
4.011903080000000510e-01
3.595339060000001252e-01
4.186844560000000381e-01
3.960086500000001841e-01
4.041623600000001093e-01
4.173471020000000808e-01
3.892373660000000291e-01
4.140183639999999166e-01
4.144601540000001361e-01
4.084652220000002387e-01
3.945092940000003434e-01
4.305848560000000713e-01
4.433359140000002196e-01
4.215352560000001358e-01
4.280483500000002439e-01
4.199641519999999240e-01
4.127078720000003087e-01
4.308340600000002407e-01
3.976349680000001996e-01
4.071675999999999629e-01
3.887075339999999657e-01
4.167554759999999581e-01
3.980512720000002336e-01
4.167980620000002467e-01
4.008696980000001076e-01
4.127548640000001101e-01
4.207950320000000688e-01
4.180075220000002423e-01
3.887430339999999318e-01
4.310735300000002601e-01
3.956658540000000945e-01
4.025834280000000764e-01
4.002091940000001569e-01
4.328479660000001950e-01
4.339391480000000523e-01
4.551031920000004893e-01
4.431105000000000738e-01
4.549776979999999860e-01
4.799843979999999788e-01
5.015473080000002470e-01
5.089272900000001432e-01
4.911289980000001498e-01
4.897936460000000825e-01
4.647515620000001735e-01
4.609427580000001190e-01
4.343412780000002194e-01
4.353384140000002289e-01
4.214192000000002714e-01
4.328922840000001271e-01
4.342483140000002462e-01
4.428221400000000862e-01
4.531663080000004062e-01
4.446695520000001345e-01
4.604569700000000210e-01
4.459129440000000888e-01
4.631028900000000448e-01
4.700958100000003359e-01
4.581130539999998530e-01
4.605030720000001243e-01
4.568830880000002148e-01
4.303312879999999785e-01
4.324941020000002134e-01
4.391427700000001266e-01
4.616687960000003810e-01
4.718495360000002359e-01
4.796771460000002207e-01
4.827992140000000876e-01
4.784667820000002569e-01
4.820850740000001133e-01
4.820412640000000803e-01
4.626021080000002894e-01
4.592892720000000262e-01
4.520569400000001292e-01
4.613050820000001440e-01
4.702920080000002612e-01
4.433493880000002330e-01
4.400471760000002619e-01
4.736930000000003083e-01
4.937218220000001989e-01
4.909528740000000391e-01
5.100293860000002510e-01
4.823177860000004147e-01
4.991141900000000686e-01
5.062649800000004197e-01
5.059177780000002622e-01
5.226724860000000472e-01
4.914888499999999771e-01
4.901925560000004456e-01
4.772126320000002475e-01
4.773770579999999097e-01
5.082876820000002960e-01
4.762126880000001616e-01
4.840806579999999415e-01
4.954849680000000811e-01
4.999605120000002456e-01
4.934574180000003696e-01
4.624849680000000518e-01
4.926128700000003136e-01
4.942735140000001914e-01
4.808400800000001696e-01
4.963040260000002313e-01
4.949322980000001593e-01
5.207539860000003351e-01
5.329066920000002927e-01
5.216765580000002345e-01
4.974877900000001518e-01
5.288225320000004004e-01
5.272814600000003127e-01
5.154715660000003252e-01
5.137211420000001860e-01
5.058462200000001241e-01
4.864506280000002181e-01
5.133908640000002244e-01
5.155985000000002927e-01
5.011741060000002301e-01
5.247885200000003136e-01
5.045843020000001511e-01
5.124064259999999704e-01
5.182891660000001899e-01
4.957635320000001178e-01
5.289775340000002490e-01
5.415582000000002116e-01
5.267409560000002600e-01
5.233247520000000597e-01
5.247235939999999044e-01
5.131045140000001226e-01
5.092776919999999485e-01
5.045638420000000401e-01
5.096930840000001295e-01
4.987233360000001836e-01
4.891571100000002836e-01
4.886997319999998868e-01
4.643862720000001554e-01
4.534990020000002064e-01
4.757940580000001307e-01
4.944775039999999566e-01
5.019070500000001323e-01
5.086127880000002044e-01
5.171261720000002171e-01
5.209918740000002435e-01
5.318046440000003816e-01
5.641580500000002996e-01
5.430583039999999917e-01
5.452739359999999591e-01
5.095842220000001976e-01
5.124659920000004254e-01
5.029498540000002516e-01
5.056897640000003191e-01
4.750037440000001721e-01
4.829429200000002198e-01
4.718348500000003054e-01
4.845175920000003300e-01
4.998403320000002759e-01
4.834701400000001592e-01
4.990634260000003652e-01
4.966811160000000891e-01
5.027405420000004010e-01
4.945436700000001018e-01
5.224286260000001736e-01
4.997721040000003279e-01
5.147427759999999575e-01
5.323751080000002078e-01
5.300623740000000028e-01
5.322139620000002624e-01
5.181185840000001042e-01
5.158295600000003533e-01
5.305103920000002748e-01
5.424488440000001521e-01
5.225480060000002869e-01
5.126428560000002577e-01
5.153468740000001214e-01
5.057130900000001983e-01
5.174797700000002276e-01
5.092060739999998420e-01
5.129109080000001653e-01
5.024467580000002709e-01
4.969252580000001474e-01
5.097656320000002461e-01
5.153747600000000428e-01
5.015205640000001130e-01
4.954011240000002481e-01
5.268569080000001792e-01
5.278335320000001607e-01
5.141663100000001263e-01
5.398454720000002149e-01
5.226168860000002248e-01
5.250558679999999256e-01
5.328676479999999716e-01
5.289820220000002182e-01
5.063658780000001025e-01
5.268389580000003569e-01
5.270591260000001554e-01
5.322858660000000519e-01
5.263060900000000597e-01
5.411694300000003954e-01
5.199406239999999624e-01
5.392858320000002426e-01
5.295267960000002994e-01
5.257225320000000757e-01
5.329543680000002892e-01
5.461557160000002353e-01
5.465495080000000172e-01
5.160896479999999009e-01
5.267090020000001482e-01
5.266608240000003605e-01
5.341311460000000011e-01
4.981610340000001136e-01
4.861172200000002941e-01
5.173334360000001464e-01
5.193252020000002078e-01
4.854756140000001108e-01
5.082315600000001377e-01
5.336994259999998658e-01
5.138505480000001846e-01
5.146546680000003704e-01
5.303789840000001643e-01
5.501844600000000973e-01
5.382043520000004966e-01
5.121710000000000429e-01
5.129222920000002794e-01
5.139634340000001078e-01
5.059314800000005441e-01
5.235054800000000785e-01
5.274902440000002191e-01
5.283564100000004427e-01
5.232558120000000423e-01
5.251280040000000371e-01
5.189961520000002659e-01
5.339394260000002168e-01
5.597194740000002167e-01
5.557141480000001854e-01
5.548178860000000379e-01
5.360607660000001884e-01
4.955253380000000374e-01
5.567013220000001095e-01
5.688591640000000282e-01
5.613372920000001542e-01
5.467873900000000953e-01
5.810266100000003320e-01
5.555069360000001177e-01
5.657598060000001983e-01
5.680570819999999355e-01
5.566972520000004199e-01
5.562487640000003397e-01
5.574466740000001419e-01
5.433664520000001108e-01
5.395658280000001916e-01
5.486450920000003340e-01
5.450609020000001248e-01
5.600397320000002344e-01
5.471208840000002516e-01
5.244061640000002855e-01
5.501066040000001101e-01
5.440923980000001992e-01
5.310906420000002237e-01
5.620851900000001233e-01
5.818550240000005536e-01
5.636940380000002859e-01
5.572289460000001693e-01
5.522353920000003802e-01
5.386019180000000128e-01
5.270304720000006382e-01
4.960950359999999892e-01
5.251055700000000215e-01
5.182198220000001632e-01
5.262649820000001588e-01
5.247825980000002666e-01
5.383965580000000806e-01
5.461854660000000639e-01
5.563174160000002866e-01
5.729626520000001832e-01
5.638881760000000742e-01
5.561596700000002169e-01
5.835574640000004143e-01
5.847348600000004115e-01
5.570946460000002487e-01
5.578755840000001465e-01
5.872742440000002784e-01
6.047992680000000565e-01
5.545124439999999932e-01
5.473621680000002598e-01
5.241500160000001074e-01
5.437083780000000477e-01
5.309310160000003664e-01
5.070869420000001515e-01
5.213630080000002387e-01
5.058201360000000868e-01
5.259262340000000480e-01
5.516111240000001192e-01
5.241344560000000818e-01
5.780541680000002014e-01
5.683067480000001392e-01
5.839397520000002562e-01
5.438821420000002904e-01
5.586658180000000362e-01
5.522041260000003504e-01
5.569083840000000896e-01
5.720817220000001813e-01
5.742455100000004586e-01
5.555304180000000258e-01
5.732748540000002224e-01
5.467350940000003101e-01
5.429140940000002358e-01
5.708809240000003449e-01
5.475771320000001330e-01
5.663375820000003946e-01
5.949924000000001989e-01
5.349645080000002828e-01
5.720043680000003183e-01
5.709297160000000870e-01
5.444801840000003113e-01
5.322366900000004009e-01
5.369955960000005746e-01
5.067965720000002783e-01
5.175427040000004641e-01
5.244504399999999622e-01
5.291763040000001528e-01
5.698247820000001962e-01
5.507727700000003557e-01
6.101076080000001900e-01
5.649629800000002255e-01
5.913138460000002539e-01
5.653132600000002617e-01
5.794964960000005272e-01
5.804422640000003186e-01
5.626595800000001590e-01
5.626337240000001128e-01
5.598999460000001482e-01
5.566990800000002348e-01
5.415437400000001622e-01
5.447794400000001147e-01
5.298796840000004060e-01
5.602415320000002641e-01
5.571013300000001722e-01
5.812484800000001783e-01
5.661223440000001661e-01
5.805116900000002467e-01
6.086008700000002936e-01
6.075859540000003722e-01
6.105976480000001594e-01
6.004704400000003828e-01
6.222112240000002847e-01
6.182702640000001804e-01
5.953910180000002716e-01
6.056461640000003754e-01
5.998227500000002932e-01
5.756161120000001796e-01
5.646752060000000961e-01
5.768316840000001777e-01
5.473992100000001360e-01
5.725818200000000191e-01
5.936548660000002808e-01
5.650433020000000806e-01
5.573525440000001163e-01
5.609169060000002149e-01
5.677213120000003110e-01
5.794014720000002505e-01
5.713117720000001620e-01
5.792762280000001152e-01
6.004486720000005162e-01
5.813849740000006650e-01
5.916128100000002110e-01
6.105586959999999008e-01
5.820547340000001846e-01
5.686621040000000571e-01
5.835444740000002017e-01
5.834650719999999735e-01
5.559465940000001272e-01
5.853559840000002179e-01
5.832234659999999682e-01
5.130689620000000728e-01
5.592712239999998447e-01
5.544929799999998021e-01
5.719951960000000390e-01
5.464068100000002426e-01
5.587494180000003308e-01
5.272543520000000372e-01
5.481798659999997936e-01
5.248372460000001460e-01
5.608273960000002001e-01
5.857860760000000999e-01
5.946191900000001862e-01
5.338143180000003429e-01
5.614755879999999699e-01
5.790311360000003349e-01
5.333715079999999942e-01
5.404863280000000714e-01
5.418769860000004490e-01
5.714391380000004572e-01
5.085634940000002269e-01
5.771511240000003484e-01
5.411798020000002651e-01
5.654199860000002076e-01
5.958495220000002979e-01
5.469459380000001314e-01
5.633028540000002415e-01
5.393826440000000222e-01
5.783349320000003013e-01
5.797581520000002486e-01
5.848935480000002629e-01
5.792185180000001266e-01
5.750560380000001581e-01
5.713694260000002911e-01
5.677106740000005258e-01
5.581771100000002539e-01
5.646610260000001213e-01
5.747994120000002871e-01
5.591061680000001255e-01
5.583441060000002842e-01
5.374771959999999904e-01
5.340777800000003905e-01
5.636215140000002677e-01
5.789797920000002707e-01
5.546687279999999998e-01
5.552117640000002741e-01
5.574805940000000515e-01
5.322077160000001639e-01
5.077436980000002986e-01
5.173555040000000771e-01
5.538781200000001403e-01
5.264402680000003221e-01
5.637110000000001842e-01
5.772292760000001799e-01
5.700654900000001746e-01
5.384528340000004354e-01
5.815789020000001752e-01
5.199322980000006256e-01
5.507992099999999835e-01
5.531397080000001187e-01
5.597327960000001434e-01
5.484284200000001386e-01
5.511234799999998879e-01
5.607739500000000765e-01
5.411669799999999642e-01
5.645558440000001399e-01
5.904286080000001879e-01
5.545874580000004217e-01
5.393420880000000528e-01
5.448550960000000387e-01
5.856670000000000487e-01
5.701092700000005564e-01
5.718999820000000289e-01
5.473206780000002825e-01
5.876098380000002175e-01
5.471048540000001958e-01
5.387570000000002635e-01
5.463742120000003588e-01
5.896756459999997757e-01
5.449633459999999596e-01
5.136065000000001879e-01
5.584712560000002490e-01
5.390256100000000439e-01
5.724003480000003918e-01
5.656963240000001392e-01
5.732613940000003128e-01
5.719783700000002913e-01
6.064410640000000852e-01
5.839417780000001335e-01
5.897790879999998959e-01
5.866045200000000737e-01
5.525629799999999259e-01
5.659264819999999530e-01
5.456018640000001030e-01
5.376543300000001802e-01
5.352042800000003098e-01
5.384013320000000657e-01
5.577172340000002837e-01
5.319855640000004104e-01
5.373521920000001728e-01
5.789152660000004280e-01
5.588236840000004868e-01
5.831156020000003437e-01
5.551020180000003634e-01
5.313970220000001632e-01
5.372834020000001320e-01
5.602566900000003347e-01
5.665856000000002446e-01
5.645932980000004653e-01
5.577284740000000296e-01
4.912157460000002862e-01
5.326233480000002185e-01
5.264990659999999600e-01
5.697893080000000499e-01
5.580673620000000668e-01
5.338293400000000410e-01
5.612727880000000225e-01
5.679952319999999055e-01
5.554986760000001356e-01
5.647598280000000193e-01
5.875741820000002225e-01
5.441989340000001896e-01
5.367967000000001265e-01
5.568571740000002324e-01
5.653957420000002010e-01
5.744816920000004323e-01
5.823196060000001006e-01
5.648621020000000881e-01
5.644601500000002714e-01
5.115137060000001235e-01
5.845607100000002054e-01
5.608873240000001870e-01
5.535202900000001369e-01
5.463328460000000941e-01
5.878701660000000828e-01
5.849854860000003320e-01
5.875650199999999934e-01
5.777566960000002361e-01
5.424089339999997872e-01
5.863295180000002160e-01
5.728660540000001244e-01
5.599508260000001236e-01
5.420197680000001794e-01
5.751515940000001548e-01
5.688588360000002009e-01
5.257597720000000141e-01
5.748184600000001421e-01
5.509369640000002510e-01
5.424415640000000982e-01
5.530267480000001790e-01
5.682344599999999968e-01
5.154500159999999553e-01
5.287008280000001781e-01
5.617731860000002575e-01
5.511046360000000366e-01
5.559015580000002954e-01
5.743989620000002905e-01
5.228683360000002667e-01
5.697831279999999721e-01
5.564486240000000583e-01
5.221858340000001819e-01
5.437157580000000490e-01
5.237060220000001598e-01
5.164455199999998802e-01
5.473297860000001513e-01
5.470585860000002354e-01
5.627521360000002915e-01
6.104467880000004065e-01
5.857416540000000005e-01
5.703163640000001866e-01
5.873716220000004817e-01
5.640532180000001894e-01
5.609679740000003134e-01
5.817232600000004084e-01
6.218569460000001881e-01
5.581371459999999729e-01
5.809406780000001547e-01
5.552361260000003851e-01
5.488423580000002522e-01
5.067041399999999696e-01
5.227528860000002497e-01
4.959180340000001741e-01
4.958098800000001471e-01
5.136965360000003145e-01
4.807489560000003381e-01
5.474936460000000560e-01
5.358415080000000774e-01
5.632874160000000963e-01
5.613322980000005069e-01
5.602532440000005387e-01
5.497669560000001399e-01
5.673880019999999469e-01
5.566070820000003083e-01
5.408901660000000611e-01
5.213087920000001318e-01
5.274192260000000188e-01
5.340323800000000842e-01
5.187010619999997685e-01
5.565789980000002135e-01
5.493011840000001644e-01
5.480615280000004086e-01
5.591285940000001453e-01
5.712795740000005118e-01
5.674313639999997161e-01
5.729014420000001495e-01
5.214780280000003154e-01
5.695616700000001309e-01
5.668455360000002052e-01
5.853413520000000370e-01
5.950024640000002307e-01
5.980471499999999718e-01
6.044191780000002234e-01
5.814495080000000593e-01
5.633090099999997769e-01
5.382209860000001234e-01
5.857415780000001515e-01
5.714781620000001228e-01
5.738342500000002122e-01
5.210118660000001567e-01
5.911259820000003273e-01
5.798014940000001394e-01
5.511596500000001120e-01
5.472639760000000964e-01
5.771861700000000539e-01
5.904986580000000096e-01
5.727981280000004061e-01
5.629599760000003617e-01
6.084929280000002105e-01
5.638344840000000247e-01
5.681521840000001156e-01
5.945147579999998655e-01
5.573333780000002680e-01
5.936758020000000302e-01
5.629940959999999439e-01
5.995067899999999561e-01
5.520707800000002052e-01
5.760455920000001617e-01
5.798641800000001734e-01
5.749978240000001017e-01
5.698403880000000310e-01
5.581055320000002373e-01
5.696797420000001555e-01
5.334270220000001395e-01
5.775276780000002663e-01
5.520487060000000001e-01
5.686779560000001510e-01
5.350708779999999720e-01
5.719837860000002161e-01
5.762553400000001158e-01
5.469185840000001519e-01
5.473953239999999054e-01
5.404034019999998106e-01
5.251385440000003735e-01
5.426973740000001767e-01
5.519313440000002124e-01
5.517826720000001961e-01
5.745238760000000999e-01
5.760832000000002395e-01
5.570906760000002844e-01
5.621240740000004177e-01
5.810945380000002158e-01
6.052717180000003472e-01
5.501265040000006268e-01
5.972862340000002490e-01
5.744430760000003300e-01
5.919950060000003234e-01
6.146551880000002965e-01
5.855656720000002036e-01
5.676199200000001666e-01
6.131022940000001586e-01
5.840999360000003193e-01
5.998256940000001869e-01
5.300117239999999619e-01
5.439960100000000853e-01
5.403569260000000707e-01
5.393283920000002674e-01
5.323461699999999519e-01
5.350239420000001411e-01
5.392997580000004065e-01
5.480024560000005263e-01
5.322896660000003832e-01
5.515024400000002602e-01
5.325181440000001931e-01
5.608982580000002605e-01
5.603375019999998763e-01
5.581476320000000602e-01
5.424787940000004305e-01
5.673781820000002307e-01
5.728253280000001890e-01
5.851685900000000995e-01
5.776900820000002712e-01
5.806847100000001038e-01
5.620468919999999091e-01
5.929668640000002044e-01
5.345255680000001730e-01
5.388528300000001714e-01
5.450076940000001535e-01
5.437475540000002994e-01
5.347898279999999671e-01
5.258327100000000920e-01
5.663795460000001780e-01
5.699320640000004046e-01
5.294843219999999517e-01
5.671999920000000417e-01
5.474676820000001776e-01
5.397104160000000261e-01
5.425263880000000816e-01
5.407137940000003029e-01
5.490011860000002519e-01
5.345887539999999438e-01
5.702313560000003001e-01
5.468222200000000255e-01
5.342033940000001646e-01
5.515279140000003411e-01
5.549540640000001357e-01
5.617741900000000621e-01
5.456399440000001544e-01
5.834115220000005708e-01
5.437043059999998595e-01
5.846681840000003127e-01
5.662936320000000467e-01
5.715096920000001246e-01
5.897823900000004338e-01
6.122828880000001917e-01
5.783643699999999610e-01
5.812308400000002484e-01
6.075661800000001778e-01
5.525783640000001551e-01
5.506909920000002678e-01
5.905941080000003396e-01
5.566219120000002185e-01
5.615614580000000133e-01
5.803182880000001820e-01
5.846809780000004064e-01
5.903913280000004926e-01
5.733064740000003434e-01
5.704512540000001852e-01
5.935363860000001379e-01
5.976070060000001627e-01
6.116994560000001968e-01
5.713666300000000975e-01
5.998139739999999165e-01
5.536707559999999306e-01
5.704963520000001509e-01
5.210358120000002646e-01
5.376357980000000536e-01
5.468251500000004262e-01
5.458321120000000359e-01
5.468305560000001897e-01
5.391373000000001525e-01
5.526338340000001015e-01
5.874074019999998564e-01
5.698955800000002903e-01
5.751574860000000511e-01
5.838137760000001730e-01
5.658412840000004440e-01
5.603778340000000746e-01
5.557870560000002236e-01
5.777938180000001811e-01
5.640327740000000700e-01
5.719847160000001152e-01
5.944356580000003110e-01
5.678091100000002278e-01
6.005389500000001268e-01
5.989163339999999947e-01
5.940715440000001735e-01
5.890493460000002512e-01
5.924494760000001969e-01
5.714900219999999864e-01
5.626411820000004615e-01
5.802675100000005415e-01
5.875535920000004575e-01
6.007287440000004253e-01
6.160969000000002804e-01
5.960067060000000527e-01
5.691259960000001339e-01
5.618563540000001133e-01
5.878193180000000906e-01
5.345719200000003113e-01
5.497239640000003424e-01
5.569926260000002127e-01
5.680996460000001802e-01
5.739527960000002649e-01
5.695752600000001387e-01
5.735909700000003664e-01
5.328635300000005293e-01
5.916708720000000143e-01
5.469299519999999415e-01
5.587652100000003452e-01
5.632199220000001505e-01
5.591290719999998382e-01
6.053996260000000795e-01
5.702890919999999975e-01
5.703078839999998761e-01
5.751615240000003126e-01
5.802821759999998719e-01
5.799066180000004289e-01
5.327924259999999856e-01
5.962205120000000358e-01
5.583578840000001930e-01
5.819423520000003291e-01
5.648628540000000253e-01
5.602532280000001030e-01
5.905566380000002447e-01
6.081733740000001553e-01
6.015067660000000815e-01
6.189550920000005396e-01
6.208783439999999709e-01
5.839403380000002253e-01
5.959869540000003463e-01
6.149182820000005378e-01
5.900244459999999247e-01
5.408127380000000706e-01
5.762884800000005470e-01
5.565357700000000962e-01
5.813982100000003594e-01
5.628317960000002174e-01
5.412031320000001422e-01
5.376578420000002190e-01
5.727677220000000347e-01
5.418600780000000228e-01
5.752626579999998713e-01
5.671466900000000644e-01
5.993163999999997493e-01
5.753851860000002150e-01
6.037573480000001380e-01
5.931596500000002603e-01
5.989132160000001370e-01
6.209213220000003863e-01
5.490658320000001424e-01
5.700046840000004833e-01
5.872639380000002074e-01
5.784200400000002462e-01
5.384502520000002956e-01
5.637283220000002260e-01
5.589577160000002154e-01
5.552062060000002575e-01
5.370317020000000552e-01
5.591948100000001531e-01
5.501408640000002848e-01
5.641929480000005270e-01
5.566254140000000961e-01
5.265955380000002517e-01
5.332337040000000306e-01
5.562420880000003010e-01
5.347799920000002594e-01
4.968396880000001681e-01
5.628437940000003969e-01
5.101061560000003103e-01
4.906063680000000704e-01
5.362527060000004120e-01
5.174060640000002209e-01
5.210346779999998068e-01
5.387037040000000054e-01
5.776642960000001326e-01
5.480858119999999500e-01
5.603903640000001962e-01
5.495799560000000916e-01
5.724811520000000487e-01
5.716403000000003232e-01
6.011949559999998360e-01
5.349082739999999614e-01
5.944624060000002208e-01
5.943661759999998573e-01
5.729846100000001163e-01
6.015163480000000895e-01
6.000074699999998762e-01
6.095237100000001629e-01
5.970043840000002211e-01
5.964799840000001296e-01
6.170004640000000817e-01
5.922003260000000546e-01
5.692619340000000250e-01
5.920024799999999976e-01
5.859300380000003194e-01
5.560003980000001178e-01
6.055962800000004309e-01
5.619436880000002743e-01
5.400075880000001494e-01
5.563334040000001979e-01
6.112696280000000648e-01
6.038351640000001463e-01
5.577333800000002784e-01
6.032608620000000643e-01
5.836464780000000241e-01
6.027372580000001090e-01
6.091959340000002721e-01
5.660086200000002954e-01
6.255992280000001182e-01
6.040285480000002760e-01
5.627016000000003570e-01
5.445719220000001526e-01
5.329318480000001523e-01
5.605527320000001090e-01
5.848195220000004246e-01
5.745895260000000171e-01
5.802481360000002475e-01
5.718409940000002134e-01
5.587917080000002201e-01
5.748956780000004096e-01
5.908947539999998000e-01
5.957934460000000598e-01
5.667263080000002340e-01
5.722848080000001447e-01
6.146359880000001885e-01
5.926458100000003837e-01
6.205917040000001883e-01
5.646486720000001291e-01
5.523482359999998259e-01
5.345865700000002052e-01
5.680414200000003522e-01
5.575083980000001826e-01
5.628970679999999449e-01
5.428182220000001834e-01
5.521674360000002890e-01
5.244852980000000997e-01
5.558340560000002428e-01
5.495228599999999464e-01
5.491627640000000810e-01
5.328995960000002530e-01
5.194012500000000365e-01
5.330662760000000056e-01
5.821670200000003126e-01
5.805160180000001890e-01
5.865175480000001107e-01
5.801361480000001292e-01
5.903804600000003289e-01
5.663996720000002982e-01
5.956261240000002566e-01
5.766739100000002338e-01
5.793092140000003498e-01
5.446833900000004336e-01
5.312054620000000726e-01
5.635883420000000754e-01
5.699799880000001595e-01
5.614600620000004261e-01
5.612624540000001883e-01
5.525980839999999894e-01
5.884493940000001810e-01
5.602938500000000932e-01
5.274135260000001324e-01
5.635397780000003243e-01
5.338213660000000749e-01
5.409720120000002241e-01
4.813108480000002354e-01
5.130377700000001706e-01
5.423745420000003481e-01
5.423893860000000844e-01
5.462833160000001298e-01
5.833302540000001590e-01
5.587999640000002044e-01
5.764412159999999785e-01
5.822339520000001656e-01
5.585892219999998298e-01
6.409387920000000349e-01
6.283733040000002434e-01
6.143241400000003516e-01
6.082271780000000350e-01
6.155170000000000918e-01
5.862942020000001531e-01
6.083762460000002870e-01
5.983097960000001159e-01
6.081010220000002686e-01
6.168070320000004214e-01
6.096070640000000873e-01
5.768793140000003650e-01
5.769397740000001829e-01
5.978062980000004023e-01
5.989146720000000368e-01
5.671444920000002776e-01
5.927096780000000731e-01
6.234527480000001676e-01
5.979511220000004457e-01
5.979337920000002971e-01
6.098541900000000737e-01
6.003076360000000333e-01
5.954501360000002963e-01
6.034031680000001563e-01
5.936620800000000919e-01
5.599558360000002066e-01
5.967383820000006223e-01
5.378568760000003168e-01
5.524013920000002686e-01
5.374402199999999130e-01
5.625277360000001670e-01
5.479665519999999956e-01
5.558725260000003665e-01
5.640568060000002992e-01
5.474863520000001760e-01
5.667036120000001898e-01
6.012519980000002873e-01
5.987922860000003400e-01
5.805592280000003713e-01
5.465313540000004133e-01
5.721680940000003490e-01
5.673662140000002019e-01
5.517394060000002654e-01
